Sample	0.0	1.0	2.0	3.0	4.0	5.0	6.0	7.0	8.0	9.0	10.0	11.0	12.0	13.0	14.0	15.0	16.0	17.0	18.0	19.0	20.0	21.0	22.0	23.0	24.0	25.0	26.0	27.0	28.0	29.0	30.0	31.0	32.0	33.0	34.0	35.0	36.0	37.0	38.0	39.0	40.0	41.0	42.0	43.0	44.0	45.0	46.0	47.0	48.0	49.0	50.0	51.0	52.0	53.0	54.0	55.0	56.0	57.0	58.0	59.0	60.0	61.0	62.0	63.0	64.0	65.0	66.0	67.0	68.0	69.0	70.0	71.0	72.0	73.0	74.0	75.0	76.0	77.0	78.0	79.0	80.0	81.0	82.0	83.0	84.0	85.0	86.0	87.0	88.0	89.0	90.0	91.0	92.0	93.0	94.0	95.0	96.0	97.0	98.0	99.0	100.0
SRR12183139_1	0.0	0.0	0.0	0.0	0.0	0.0	0.0	0.0	0.0	0.0	0.0	0.0	0.0	0.0	0.0	0.0	0.0	0.0	0.0	0.0	0.0	0.0	0.0	0.0	0.0	0.0	0.0	0.0	0.0	0.0	0.0	0.0	0.0	0.0	0.0	0.25	1.25	4.5	80.25	127.75	44.0	44.0	27.5	13.75	5.5	8.0	13.75	42.75	226.25	779.75	436.5	241.75	472.25	1036.25	2305.0	2620.5	1847.25	977.75	1044.5	290.25	66.5	45.5	56.25	80.75	18.75	9.5	9.25	7.5	2.75	0.25	0.75	0.0	0.0	0.0	0.0	0.0	0.0	0.0	0.0	0.0	0.0	0.0	0.0	0.0	0.0	0.0	0.0	0.0	0.0	0.0	0.0	0.0	0.0	0.0	0.0	0.0	0.0	0.0	0.0	0.0	0.0
SRR12183139_2	0.0	0.0	0.0	0.0	0.0	0.0	0.0	0.0	0.0	0.0	0.0	0.0	0.0	0.0	0.0	0.0	0.0	0.0	0.0	0.0	0.0	0.0	0.0	0.0	0.0	0.0	0.0	0.0	0.0	0.0	0.0	0.0	0.0	0.25	0.5	0.0	1.5	7.0	114.0	85.0	39.25	43.25	30.5	15.5	9.25	8.75	21.75	49.25	220.75	736.75	467.5	267.5	465.75	1028.25	2062.75	2455.0	1925.0	1081.25	1038.0	458.5	127.0	47.25	51.0	69.5	32.25	10.75	7.5	5.0	3.0	1.75	0.75	0.25	0.0	0.0	0.0	0.0	0.25	0.0	0.0	0.0	0.0	0.0	0.0	0.0	0.0	0.25	0.0	0.0	0.0	0.0	0.0	0.0	0.0	0.0	0.0	0.0	0.0	0.0	0.0	0.0	0.0
SRR12183147_1	0.0	0.0	0.0	0.0	0.0	0.0	0.0	0.0	0.0	0.0	0.0	0.0	0.0	0.0	0.0	0.0	0.0	0.0	0.0	0.0	0.0	0.0	0.0	0.0	0.0	0.0	0.0	0.0	0.0	0.0	0.0	0.0	0.25	0.25	0.0	0.0	0.5	0.0	3.75	2.0	0.75	0.75	1.75	3.75	3.5	4.75	11.25	167.5	589.75	545.75	179.25	233.5	665.5	774.0	2375.0	2535.5	1761.75	419.25	201.5	50.25	14.0	8.25	5.0	2.5	2.0	3.5	0.5	1.0	0.5	0.0	0.25	0.75	0.75	0.0	0.0	0.25	0.5	0.0	0.0	0.25	0.25	0.0	0.0	0.0	0.0	0.0	0.0	0.0	0.0	0.0	0.0	0.0	0.0	0.0	0.0	0.0	0.0	0.0	0.0	0.0	0.0
SRR12183147_2	0.0	0.0	0.0	0.0	0.0	0.0	0.0	0.0	0.0	0.0	0.0	0.0	0.0	0.0	0.0	0.0	0.0	0.0	0.0	0.0	0.0	0.0	0.0	0.0	0.0	0.0	0.0	0.0	0.0	0.0	0.0	0.0	0.0	0.0	0.0	0.0	0.25	0.0	3.5	1.5	0.5	1.5	4.5	4.0	4.25	5.25	11.75	152.5	544.5	555.75	201.25	248.0	635.5	792.25	2097.0	2391.75	1758.75	624.25	300.5	96.75	37.75	17.25	10.25	6.0	3.75	5.0	3.5	2.0	1.0	0.5	0.5	0.0	0.5	0.25	0.0	0.0	0.0	0.0	0.0	0.25	0.0	0.0	0.0	0.0	0.0	0.0	0.0	0.0	0.0	0.0	0.0	0.0	0.0	0.0	0.0	0.0	0.0	0.0	0.0	0.0	0.0
SRR12183158_1	0.0	0.0	0.0	0.0	0.0	0.0	0.0	0.0	0.0	0.0	0.0	0.0	0.0	0.0	0.0	0.0	0.0	0.0	0.0	0.0	0.0	0.0	0.25	0.0	0.0	0.0	0.0	0.0	0.0	0.25	0.0	0.0	0.25	0.0	0.0	0.0	4.25	0.75	2.5	1.25	0.0	1.5	1.75	1.0	4.0	10.75	11.75	72.5	450.5	568.75	234.25	259.5	844.0	885.25	2509.25	3243.5	2158.5	579.5	258.5	70.25	30.5	18.5	97.25	160.5	28.0	15.0	11.5	5.75	0.25	0.25	0.25	0.25	0.0	0.0	0.0	0.0	0.0	0.25	0.0	0.0	0.0	0.0	0.0	0.0	0.0	0.0	0.0	0.0	0.0	0.0	0.0	0.0	0.0	0.0	0.0	0.0	0.0	0.0	0.0	0.0	0.0
SRR12183158_2	0.0	0.0	0.0	0.0	0.0	0.0	0.0	0.0	0.0	0.0	0.0	0.0	0.0	0.0	0.0	0.0	0.0	0.0	0.0	0.0	0.0	0.0	0.0	0.0	0.0	0.0	0.0	0.0	0.0	0.0	0.0	0.0	0.0	0.0	0.0	0.25	4.25	2.0	2.25	2.0	0.75	1.0	2.5	8.5	5.75	3.5	8.5	73.25	404.75	540.25	261.25	289.75	793.0	941.25	2262.5	3030.25	2173.0	813.5	348.75	128.0	56.75	34.5	57.25	128.75	76.0	27.0	13.75	7.75	0.75	1.25	1.0	0.25	0.25	0.0	0.5	0.25	0.0	0.0	0.0	0.0	0.0	0.0	0.0	0.0	0.0	0.0	0.0	0.0	0.0	0.0	0.0	0.0	0.0	0.0	0.0	0.0	0.0	0.0	0.0	0.0	0.0
SRR12183176_1	0.0	0.0	0.0	0.0	0.0	0.0	0.0	0.0	0.0	0.0	0.0	0.0	0.0	0.0	0.0	0.0	0.0	0.0	0.0	0.0	0.0	0.0	0.0	0.0	0.0	0.0	0.0	0.0	0.0	0.0	0.0	0.0	0.25	0.0	0.25	0.25	1.25	7.5	4.75	2.5	5.5	11.25	6.75	7.0	10.25	11.75	15.5	87.0	374.75	1851.0	919.5	290.0	309.0	478.25	1014.5	1100.5	1251.75	1353.5	789.0	527.75	374.0	181.5	109.25	60.75	40.5	21.25	11.0	7.5	7.5	6.25	2.25	1.75	1.5	0.75	0.25	0.5	0.25	0.0	0.0	0.0	0.0	0.0	0.0	0.0	0.0	0.0	0.0	0.0	0.0	0.0	0.0	0.0	0.0	0.0	0.0	0.0	0.0	0.0	0.0	0.0	0.0
SRR12183176_2	0.0	0.0	0.0	0.0	0.0	0.0	0.0	0.0	0.0	0.0	0.0	0.0	0.0	0.0	0.0	0.0	0.0	0.0	0.0	0.0	0.0	0.0	0.0	0.0	0.0	0.0	0.0	0.0	0.0	0.0	0.0	0.0	0.25	0.0	0.0	0.0	2.75	6.5	3.75	2.25	6.5	9.25	4.0	8.5	12.5	11.5	23.75	98.5	423.75	1485.75	935.0	360.75	344.25	513.5	954.75	1100.5	1229.5	1300.25	908.75	577.25	414.5	242.75	142.25	74.75	47.5	29.25	21.5	11.75	6.0	7.5	4.25	3.25	3.25	1.5	0.75	0.25	0.5	0.0	0.0	0.0	0.25	0.0	0.0	0.0	0.0	0.0	0.0	0.0	0.0	0.0	0.0	0.0	0.0	0.0	0.0	0.0	0.0	0.0	0.0	0.0	0.0
SRR12183187_1	0.0	0.0	0.0	0.0	0.0	0.0	0.0	0.0	0.0	0.0	0.0	0.0	0.0	0.0	0.0	0.0	0.0	0.0	0.0	0.0	0.0	0.0	0.0	0.0	0.0	0.0	0.0	0.25	0.0	0.0	0.0	0.0	0.0	0.0	0.0	0.0	0.25	1.0	0.75	70.25	119.25	19.0	6.0	5.75	7.0	7.75	61.25	154.25	335.5	862.5	913.0	519.0	198.5	304.5	563.0	825.75	932.25	809.75	662.25	495.25	290.5	169.5	74.75	74.5	41.5	13.25	6.5	5.0	2.5	2.0	1.0	0.5	1.25	0.0	0.25	0.25	0.0	0.0	0.0	0.0	0.0	0.0	0.0	0.0	0.0	0.0	0.0	0.0	0.0	0.0	0.0	0.0	0.0	0.0	0.0	0.0	0.0	0.0	0.0	0.0	0.0
SRR12183187_2	0.0	0.0	0.0	0.0	0.0	0.0	0.0	0.0	0.0	0.0	0.0	0.0	0.0	0.0	0.0	0.0	0.0	0.0	0.0	0.0	0.0	0.0	0.0	0.0	0.0	0.0	0.0	0.25	0.0	0.0	0.0	0.0	0.0	0.0	0.0	0.0	0.5	1.5	6.0	66.5	89.5	21.25	15.75	10.5	9.75	12.75	69.0	141.5	325.0	727.25	789.0	529.75	266.25	337.5	563.75	791.5	900.5	817.25	705.0	543.0	332.5	188.0	90.0	79.25	54.5	24.75	9.0	4.5	5.0	2.5	2.25	1.25	0.75	1.25	0.5	0.0	0.25	0.0	0.0	0.0	0.0	0.0	0.0	0.0	0.0	0.0	0.0	0.25	0.0	0.0	0.0	0.0	0.25	0.25	0.0	0.0	0.0	0.0	0.0	0.0	0.0
SRR12183204_1	0.0	0.0	0.0	0.0	0.0	0.0	0.0	0.0	0.0	0.0	0.0	0.0	0.0	0.0	0.0	0.0	0.0	0.0	0.0	0.0	0.0	0.0	0.0	0.0	0.0	0.0	0.0	0.0	0.0	0.0	0.0	0.0	0.0	0.0	0.0	0.0	0.25	1.0	0.75	32.0	54.0	8.5	5.0	7.5	4.0	3.25	8.0	16.0	90.0	210.25	158.0	120.5	119.5	304.75	840.5	1337.75	1360.0	1185.5	754.75	467.0	303.0	218.25	179.5	168.0	131.75	67.5	44.0	27.25	16.75	10.0	2.5	1.25	1.5	0.5	0.0	0.25	0.0	0.0	0.0	0.0	0.0	0.0	0.0	0.0	0.0	0.0	0.0	0.0	0.0	0.0	0.0	0.0	0.0	0.0	0.0	0.0	0.0	0.0	0.0	0.0	0.0
SRR12183204_2	0.0	0.0	0.0	0.0	0.0	0.0	0.0	0.0	0.0	0.0	0.0	0.0	0.0	0.0	0.0	0.0	0.0	0.0	0.0	0.0	0.0	0.0	0.0	0.0	0.0	0.0	0.0	0.0	0.0	0.0	0.0	0.0	0.0	0.0	0.0	0.0	0.5	1.5	4.25	30.75	38.25	8.75	7.25	6.5	4.0	3.5	10.75	19.75	95.0	183.5	145.75	124.25	146.0	329.25	780.25	1247.75	1286.25	1179.75	811.75	501.5	343.75	241.25	187.25	156.25	137.5	95.5	49.25	28.0	18.75	14.5	6.75	3.0	1.0	0.25	0.0	0.25	0.25	0.0	0.0	0.25	0.0	0.25	0.25	0.25	0.0	0.0	0.0	0.0	0.0	0.0	0.0	0.0	0.0	0.0	0.0	0.0	0.0	0.0	0.0	0.0	0.0
SRR12183215_1	0.0	0.0	0.0	0.0	0.0	0.0	0.0	0.0	0.0	0.0	0.0	0.0	0.0	0.0	0.0	0.0	0.0	0.0	0.0	0.0	0.0	0.0	0.0	0.0	0.0	0.0	0.0	0.0	0.0	0.0	0.25	0.0	0.5	0.25	1.25	1.0	3.0	6.75	3.0	35.75	53.75	8.0	4.5	8.25	44.75	26.75	23.5	51.0	134.5	540.0	266.75	170.5	141.0	298.25	823.0	1169.0	1192.25	1093.75	816.5	585.75	390.0	216.0	144.25	117.25	92.25	68.25	44.5	28.75	15.25	13.75	5.5	2.75	1.25	0.0	0.5	0.5	0.25	0.0	0.0	0.0	0.0	0.0	0.0	0.0	0.0	0.0	0.0	0.0	0.0	0.0	0.0	0.0	0.0	0.0	0.0	0.0	0.0	0.0	0.0	0.0	0.0
SRR12183215_2	0.0	0.0	0.0	0.0	0.0	0.0	0.0	0.0	0.0	0.0	0.0	0.0	0.0	0.0	0.0	0.0	0.0	0.0	0.0	0.0	0.0	0.0	0.0	0.0	0.0	0.0	0.0	0.0	0.0	0.0	0.0	0.0	0.0	0.0	1.0	1.25	4.5	6.75	6.0	32.5	43.0	10.5	12.25	42.25	25.5	15.75	20.5	43.75	138.5	488.75	269.25	165.5	148.25	297.25	776.75	1161.75	1179.5	1084.0	845.25	617.5	397.75	237.0	152.75	123.5	102.25	85.5	50.75	23.25	17.0	11.25	8.75	3.25	2.5	1.5	0.25	0.25	0.25	0.25	0.25	0.25	0.0	0.0	0.0	0.0	0.0	0.0	0.0	0.0	0.0	0.25	0.0	0.0	0.0	0.0	0.25	0.25	0.0	0.0	0.0	0.0	0.0
SRR12183228_1	0.0	0.0	0.0	0.0	0.0	0.0	0.0	0.0	0.0	0.0	0.0	0.0	0.0	0.0	0.0	0.0	0.0	0.0	0.0	0.0	0.0	0.0	0.0	0.0	0.0	0.0	0.0	0.0	0.0	0.0	0.0	0.25	0.75	0.0	0.0	0.5	2.25	3.75	7.0	9.5	7.25	9.25	8.75	16.75	43.25	67.5	27.5	34.75	109.0	271.0	320.25	360.75	417.25	734.75	1074.25	1763.0	2733.25	2713.5	2201.5	1688.5	1118.5	600.5	402.5	287.5	208.25	141.0	114.25	107.75	70.5	28.0	15.5	6.25	2.25	1.75	1.75	0.75	0.5	0.5	0.0	0.0	0.0	0.0	0.0	0.0	0.0	0.0	0.0	0.0	0.0	0.0	0.0	0.0	0.0	0.0	0.0	0.0	0.0	0.0	0.0	0.0	0.0
SRR12183228_2	0.0	0.0	0.0	0.0	0.0	0.0	0.0	0.0	0.0	0.0	0.0	0.0	0.0	0.0	0.0	0.0	0.0	0.0	0.0	0.0	0.0	0.0	0.0	0.0	0.0	0.0	0.0	0.25	0.0	0.0	0.25	0.0	0.0	0.25	0.5	1.5	1.25	5.0	6.5	10.0	8.25	7.0	7.75	43.75	57.0	28.5	23.0	32.0	101.5	248.75	304.75	338.0	411.25	690.25	1008.0	1646.0	2492.5	2666.75	2224.25	1766.5	1250.25	756.5	448.5	323.25	242.5	171.25	126.25	102.5	82.25	50.25	28.0	13.75	6.0	4.0	2.5	1.5	0.5	0.25	0.75	0.5	0.0	0.0	0.25	0.0	0.0	0.0	0.0	0.0	0.0	0.0	0.25	0.25	0.0	0.0	0.0	0.0	0.0	0.0	0.0	0.0	0.0
SRR12183238_1	0.0	0.0	0.0	0.0	0.0	0.0	0.0	0.0	0.0	0.0	0.0	0.0	0.0	0.0	0.0	0.0	0.0	0.0	0.0	0.0	0.0	0.0	0.0	0.0	0.0	0.0	0.0	0.0	0.0	0.0	0.0	0.0	0.25	0.25	0.0	0.0	0.25	0.0	0.0	0.0	0.0	0.0	0.25	0.5	0.75	1.75	0.75	1.0	4.0	8.25	7.0	7.75	8.5	10.5	17.75	20.0	21.75	18.25	9.75	4.5	3.5	1.75	0.5	0.5	0.25	0.0	0.0	0.5	0.25	0.0	0.0	0.0	0.0	0.0	0.0	0.0	0.0	0.0	0.0	0.0	0.0	0.0	0.0	0.0	0.0	0.0	0.0	0.0	0.0	0.0	0.0	0.0	0.0	0.0	0.0	0.0	0.0	0.0	0.0	0.0	0.0
SRR12183238_2	0.0	0.0	0.0	0.0	0.0	0.0	0.0	0.0	0.0	0.0	0.0	0.0	0.0	0.0	0.0	0.0	0.0	0.0	0.0	0.0	0.0	0.0	0.0	0.0	0.0	0.0	0.0	0.0	0.0	0.0	0.0	0.0	0.0	0.0	0.0	0.0	0.0	0.0	0.0	0.0	0.0	0.0	0.25	0.25	0.5	0.25	1.25	1.25	3.5	6.0	7.75	7.75	9.75	11.0	17.75	19.25	23.75	16.5	8.75	6.5	2.75	1.25	1.25	0.5	0.25	0.0	0.0	0.0	0.0	0.0	0.0	0.0	0.0	0.0	0.0	0.0	0.0	0.0	0.0	0.0	0.0	0.0	0.0	0.0	0.0	0.0	0.0	0.0	0.0	0.0	0.0	0.0	0.0	0.0	0.0	0.0	0.0	0.0	0.0	0.0	0.0
SRR12183239_1	0.0	0.0	0.0	0.0	0.0	0.0	0.0	0.0	0.0	0.0	0.0	0.0	0.0	0.0	0.0	0.0	0.0	0.0	0.0	0.0	0.0	0.0	0.0	0.0	0.0	0.0	0.0	0.0	0.0	0.0	0.25	1.0	2.0	1.25	0.75	4.0	6.75	7.5	9.0	11.75	14.25	16.25	20.5	12.5	16.0	12.25	21.0	50.25	125.75	270.25	276.75	235.25	440.0	647.0	906.25	1459.75	1912.0	2216.0	1730.75	1396.5	1059.75	480.5	262.5	164.75	89.5	50.0	46.25	40.75	27.0	11.75	7.5	4.25	2.5	1.75	0.75	0.25	0.5	0.75	0.25	0.0	0.0	0.0	0.0	0.0	0.0	0.0	0.0	0.0	0.0	0.0	0.0	0.0	0.0	0.0	0.0	0.0	0.0	0.0	0.0	0.0	0.0
SRR12183239_2	0.0	0.0	0.0	0.0	0.0	0.0	0.0	0.0	0.0	0.0	0.0	0.0	0.0	0.0	0.0	0.0	0.0	0.0	0.0	0.0	0.0	0.0	0.0	0.0	0.0	0.0	0.0	0.0	0.0	0.0	0.0	1.75	1.75	1.25	1.5	3.5	6.75	6.25	8.75	13.25	11.75	14.25	18.75	13.0	15.25	12.5	18.25	47.5	121.5	259.75	273.75	251.25	402.0	607.0	852.0	1343.0	1828.5	2078.5	1763.0	1404.75	1086.0	624.75	341.0	200.75	113.75	71.75	57.75	40.5	31.75	20.25	9.75	6.25	6.25	3.25	1.25	1.0	0.5	0.25	0.0	0.0	0.0	0.0	0.0	0.0	0.0	0.25	0.0	0.0	0.0	0.0	0.0	0.0	0.0	0.0	0.0	0.0	0.0	0.0	0.0	0.0	0.0
SRR12183240_1	0.0	0.0	0.0	0.0	0.0	0.0	0.0	0.0	0.0	0.0	0.0	0.0	0.0	0.0	0.0	0.0	0.0	0.0	0.0	0.0	0.0	0.0	0.0	0.0	0.0	0.0	0.0	0.0	0.0	0.0	0.0	0.0	0.0	0.25	0.5	0.5	0.5	1.0	1.25	0.25	2.25	3.25	2.5	2.5	2.75	1.5	2.75	3.5	3.5	4.5	5.0	2.0	4.75	18.0	33.0	24.5	14.75	9.75	3.0	6.5	19.0	6.5	1.0	0.5	0.5	0.0	0.0	0.0	0.0	0.0	0.0	0.0	0.0	0.0	0.0	0.0	0.0	0.0	0.0	0.0	0.0	0.0	0.0	0.0	0.0	0.0	0.0	0.0	0.0	0.0	0.0	0.0	0.0	0.0	0.0	0.0	0.0	0.0	0.0	0.0	0.0
SRR12183240_2	0.0	0.0	0.0	0.0	0.0	0.0	0.0	0.0	0.0	0.0	0.0	0.0	0.0	0.0	0.0	0.0	0.0	0.0	0.0	0.0	0.0	0.0	0.0	0.0	0.0	0.0	0.0	0.0	0.0	0.0	0.0	0.0	0.0	0.0	0.25	0.0	0.5	0.75	0.5	0.5	1.0	0.75	1.75	2.75	2.5	3.0	2.25	1.0	2.75	5.5	5.75	3.25	4.0	15.0	32.5	21.75	16.5	11.25	5.5	7.25	16.75	8.25	2.5	0.75	0.0	0.0	0.0	0.25	0.25	0.0	0.0	0.0	0.0	0.0	0.0	0.0	0.0	0.0	0.0	0.0	0.0	0.0	0.0	0.0	0.0	0.0	0.0	0.0	0.0	0.0	0.0	0.0	0.0	0.0	0.0	0.0	0.0	0.0	0.0	0.0	0.0
SRR12183241_1	0.0	0.0	0.0	0.0	0.0	0.0	0.0	0.0	0.0	0.0	0.0	0.0	0.0	0.0	0.0	0.0	0.0	0.0	0.0	0.0	0.0	0.0	0.0	0.0	0.0	0.0	0.0	0.0	0.0	0.0	0.0	0.0	0.25	0.25	0.25	0.25	0.0	0.0	0.25	0.75	1.75	2.75	4.0	3.5	1.75	2.25	2.5	1.0	1.5	1.5	2.0	2.75	11.5	55.25	62.25	37.5	34.5	53.75	31.0	8.0	4.25	3.5	1.25	0.25	0.25	0.25	0.25	0.0	0.0	0.0	0.25	0.0	0.0	0.0	0.0	0.0	0.0	0.0	0.0	0.0	0.0	0.0	0.0	0.0	0.0	0.0	0.0	0.0	0.0	0.0	0.0	0.0	0.0	0.0	0.0	0.0	0.0	0.0	0.0	0.0	0.0
SRR12183241_2	0.0	0.0	0.0	0.0	0.0	0.0	0.0	0.0	0.0	0.0	0.0	0.0	0.0	0.0	0.0	0.0	0.0	0.0	0.0	0.0	0.0	0.0	0.0	0.0	0.0	0.0	0.0	0.0	0.0	0.0	0.0	0.0	0.0	0.0	0.0	0.0	0.0	0.25	0.0	0.25	0.25	1.0	2.0	2.5	3.25	2.75	2.0	2.25	2.25	2.5	3.25	4.25	13.75	48.75	59.5	41.25	38.5	50.25	37.0	10.25	3.75	3.0	1.5	0.5	0.25	0.25	0.5	0.25	0.0	0.0	0.0	0.0	0.0	0.0	0.0	0.0	0.0	0.0	0.0	0.0	0.0	0.0	0.0	0.0	0.0	0.0	0.0	0.0	0.0	0.0	0.0	0.0	0.0	0.0	0.0	0.0	0.0	0.0	0.0	0.0	0.0
SRR12183242_1	0.0	0.0	0.0	0.0	0.0	0.0	0.0	0.0	0.0	0.0	0.0	0.0	0.0	0.0	0.0	0.0	0.0	0.0	0.0	0.0	0.0	0.0	0.0	0.0	0.0	0.0	0.0	0.0	0.0	0.0	0.0	0.0	0.0	0.25	0.0	0.0	0.25	0.25	1.0	0.5	0.25	2.5	3.5	4.0	3.25	4.0	4.5	5.25	5.25	3.25	4.0	3.5	13.75	45.25	17.75	5.0	10.5	5.25	2.5	1.0	0.5	0.5	1.5	0.0	0.0	0.0	0.0	0.0	0.0	0.0	0.0	0.0	0.0	0.0	0.0	0.0	0.0	0.0	0.0	0.0	0.0	0.0	0.0	0.0	0.0	0.0	0.0	0.0	0.0	0.0	0.0	0.0	0.0	0.0	0.0	0.0	0.0	0.0	0.0	0.0	0.0
SRR12183242_2	0.0	0.0	0.0	0.0	0.0	0.0	0.0	0.0	0.0	0.0	0.0	0.0	0.0	0.0	0.0	0.0	0.0	0.0	0.0	0.0	0.0	0.0	0.0	0.0	0.0	0.0	0.0	0.0	0.0	0.0	0.0	0.0	0.0	0.0	0.0	0.0	0.0	0.0	0.25	0.25	0.25	0.25	0.5	1.5	2.5	3.5	2.5	2.5	3.5	4.5	6.0	4.25	15.0	40.5	21.0	9.75	11.75	9.5	4.75	0.75	1.0	0.5	1.0	1.0	0.5	0.0	0.0	0.25	0.25	0.0	0.0	0.0	0.0	0.0	0.0	0.0	0.0	0.0	0.0	0.0	0.0	0.0	0.0	0.0	0.0	0.0	0.0	0.0	0.0	0.0	0.0	0.0	0.0	0.0	0.0	0.0	0.0	0.0	0.0	0.0	0.0
SRR12183243_1	0.0	0.0	0.0	0.0	0.0	0.0	0.0	0.0	0.0	0.0	0.0	0.0	0.0	0.0	0.0	0.0	0.0	0.0	0.0	0.0	0.0	0.0	0.0	0.0	0.0	0.0	0.0	0.0	0.0	0.0	0.0	0.0	0.0	0.0	0.0	0.0	0.0	0.75	0.75	0.5	1.25	2.25	2.25	3.5	4.25	3.0	2.25	3.25	3.25	5.0	4.25	9.5	28.25	15.75	24.0	30.5	32.25	10.25	5.0	1.5	0.5	0.5	0.5	0.0	0.0	0.25	0.0	0.0	0.0	0.0	0.0	0.0	0.0	0.0	0.0	0.0	0.0	0.0	0.0	0.0	0.0	0.0	0.0	0.0	0.0	0.0	0.0	0.0	0.0	0.0	0.0	0.0	0.0	0.0	0.0	0.0	0.0	0.0	0.0	0.0	0.0
SRR12183243_2	0.0	0.0	0.0	0.0	0.0	0.0	0.0	0.0	0.0	0.0	0.0	0.0	0.0	0.0	0.0	0.0	0.0	0.0	0.0	0.0	0.0	0.0	0.0	0.0	0.0	0.0	0.0	0.0	0.0	0.0	0.0	0.0	0.0	0.0	0.0	0.0	0.0	0.0	0.0	0.0	0.25	0.25	0.75	1.25	1.75	2.25	2.0	2.75	4.75	4.25	5.75	9.75	29.25	20.75	23.75	32.0	30.0	18.5	8.5	2.0	2.0	0.75	0.75	0.0	0.0	0.0	0.0	0.0	0.0	0.0	0.0	0.0	0.0	0.0	0.0	0.0	0.0	0.0	0.0	0.0	0.0	0.0	0.0	0.0	0.0	0.0	0.0	0.0	0.0	0.0	0.0	0.0	0.0	0.0	0.0	0.0	0.0	0.0	0.0	0.0	0.0
SRR12183244_1	0.0	0.0	0.0	0.0	0.0	0.0	0.0	0.0	0.0	0.0	0.0	0.0	0.0	0.0	0.0	0.0	0.0	0.0	0.0	0.0	0.0	0.0	0.0	0.0	0.0	0.0	0.0	0.0	0.0	0.25	0.5	0.0	0.25	0.25	0.0	1.0	2.25	3.0	4.5	7.25	11.0	10.0	13.0	13.5	12.0	13.25	12.25	14.0	11.75	13.75	15.0	12.25	10.5	58.0	94.5	25.25	11.75	6.75	3.75	4.0	51.5	76.0	10.75	2.5	1.75	0.0	0.0	0.0	0.0	0.0	0.0	0.0	0.0	0.0	0.0	0.0	0.0	0.0	0.0	0.0	0.0	0.0	0.0	0.0	0.0	0.0	0.0	0.0	0.0	0.0	0.0	0.0	0.0	0.0	0.0	0.0	0.0	0.0	0.0	0.0	0.0
SRR12183244_2	0.0	0.0	0.0	0.0	0.0	0.0	0.0	0.0	0.0	0.0	0.0	0.0	0.0	0.0	0.0	0.0	0.0	0.0	0.0	0.0	0.0	0.0	0.0	0.0	0.0	0.0	0.0	0.0	0.0	0.0	0.0	0.0	0.0	0.0	0.0	0.0	0.0	0.0	0.0	0.75	2.75	3.25	3.75	5.25	9.25	11.0	13.0	15.0	14.25	13.25	14.75	16.0	18.75	55.75	92.25	45.25	17.25	11.5	8.25	8.75	36.75	67.0	28.5	8.25	1.5	0.0	0.75	0.0	0.0	0.0	0.0	0.0	0.0	0.0	0.0	0.0	0.0	0.0	0.0	0.0	0.0	0.0	0.0	0.0	0.0	0.0	0.0	0.0	0.0	0.0	0.0	0.0	0.0	0.0	0.0	0.0	0.0	0.0	0.0	0.0	0.0
SRR12183245_1	0.0	0.0	0.0	0.0	0.0	0.0	0.0	0.0	0.0	0.0	0.0	0.0	0.0	0.0	0.0	0.0	0.0	0.0	0.0	0.0	0.0	0.0	0.0	0.0	0.0	0.0	0.0	0.0	0.25	0.0	0.25	0.25	0.0	0.0	0.0	0.0	0.25	0.5	1.0	1.25	1.75	1.5	0.75	1.5	2.0	3.5	3.25	2.25	3.75	2.75	3.25	15.0	11.5	3.75	36.75	51.75	7.75	4.25	3.5	14.0	18.75	15.25	3.0	0.25	0.25	0.0	0.0	0.25	0.25	0.0	0.0	0.0	0.0	0.0	0.0	0.0	0.0	0.0	0.0	0.0	0.0	0.0	0.0	0.0	0.0	0.0	0.0	0.0	0.0	0.0	0.0	0.0	0.0	0.0	0.0	0.0	0.0	0.0	0.0	0.0	0.0
SRR12183245_2	0.0	0.0	0.0	0.0	0.0	0.0	0.0	0.0	0.0	0.0	0.0	0.0	0.0	0.0	0.0	0.0	0.0	0.0	0.0	0.0	0.0	0.0	0.0	0.0	0.0	0.0	0.0	0.0	0.0	0.0	0.0	0.0	0.0	0.0	0.0	0.0	0.0	0.0	0.0	0.0	0.5	1.0	1.0	1.75	2.75	1.75	1.75	1.5	3.5	2.75	3.0	15.75	12.0	7.25	31.0	47.75	13.25	7.75	6.25	12.75	15.0	14.0	7.25	2.5	1.5	0.25	0.0	0.0	0.25	0.0	0.0	0.0	0.0	0.0	0.0	0.0	0.0	0.0	0.0	0.0	0.0	0.0	0.0	0.0	0.0	0.0	0.0	0.0	0.0	0.0	0.0	0.0	0.0	0.0	0.0	0.0	0.0	0.0	0.0	0.0	0.0
SRR12183250_1	0.0	0.0	0.0	0.0	0.0	0.0	0.0	0.0	0.0	0.0	0.0	0.0	0.0	0.0	0.0	0.0	0.0	0.0	0.0	0.0	0.0	0.0	0.0	0.0	0.0	0.0	0.0	0.0	0.0	0.0	0.0	0.0	0.0	0.0	0.25	0.25	0.0	0.0	0.75	1.0	0.75	0.25	0.25	0.75	0.75	0.25	0.25	0.5	0.25	1.25	1.75	2.0	3.5	3.5	4.0	5.0	9.0	10.75	1.25	1.0	0.25	0.0	0.0	0.25	0.0	0.0	0.0	0.0	0.0	0.0	0.0	0.0	0.0	0.0	0.0	0.0	0.0	0.0	0.0	0.0	0.0	0.0	0.0	0.0	0.0	0.0	0.0	0.0	0.0	0.0	0.0	0.0	0.0	0.0	0.0	0.0	0.0	0.0	0.0	0.0	0.0
SRR12183250_2	0.0	0.0	0.0	0.0	0.0	0.0	0.0	0.0	0.0	0.0	0.0	0.0	0.0	0.0	0.0	0.0	0.0	0.0	0.0	0.0	0.0	0.0	0.0	0.0	0.0	0.0	0.0	0.0	0.0	0.0	0.0	0.0	0.0	0.0	0.0	0.0	0.0	0.0	0.0	0.25	0.5	0.25	0.5	1.0	1.0	0.25	0.75	0.5	1.25	2.25	1.0	1.25	2.75	2.0	4.25	6.25	7.25	10.5	3.25	1.5	0.5	0.25	0.25	0.25	0.0	0.0	0.0	0.0	0.0	0.0	0.0	0.0	0.0	0.0	0.0	0.0	0.0	0.0	0.0	0.0	0.0	0.0	0.0	0.0	0.0	0.0	0.0	0.0	0.0	0.0	0.0	0.0	0.0	0.0	0.0	0.0	0.0	0.0	0.0	0.0	0.0
SRR12183259_1	0.0	0.0	0.0	0.0	0.0	0.0	0.0	0.0	0.0	0.0	0.0	0.0	0.0	0.0	0.0	0.0	0.0	0.0	0.0	0.0	0.0	0.0	0.0	0.0	0.0	0.0	0.0	0.0	0.0	0.0	0.0	0.0	0.25	0.5	1.0	3.75	9.75	47.75	31.25	148.0	247.75	37.5	35.0	40.25	40.0	43.5	66.0	107.5	417.75	827.0	669.5	337.5	436.25	1038.0	1799.5	2936.25	2820.75	1791.5	1244.0	903.5	571.25	320.5	260.25	162.0	91.0	53.0	36.0	24.25	15.5	8.0	4.25	3.0	2.25	1.25	1.0	1.0	0.5	0.25	0.0	0.0	0.0	0.0	0.0	0.0	0.0	0.0	0.0	0.0	0.0	0.0	0.0	0.0	0.0	0.0	0.0	0.0	0.0	0.0	0.0	0.0	0.0
SRR12183259_2	0.0	0.0	0.0	0.0	0.0	0.0	0.0	0.0	0.0	0.0	0.0	0.0	0.0	0.0	0.0	0.0	0.0	0.0	0.0	0.0	0.0	0.0	0.0	0.0	0.0	0.0	0.0	0.0	0.0	0.0	0.0	0.25	0.25	1.75	2.0	3.5	13.5	47.75	29.0	144.75	204.0	41.25	49.75	54.5	49.0	38.75	63.0	113.0	402.0	747.25	665.0	369.5	450.25	975.25	1684.5	2721.75	2763.75	1886.0	1332.25	947.0	644.5	383.75	261.25	193.25	118.25	70.25	48.0	28.75	21.0	10.5	6.25	3.75	2.75	2.75	1.5	0.25	0.5	0.25	0.0	0.0	0.0	0.0	0.0	0.0	0.0	0.0	0.0	0.0	0.0	0.0	0.0	0.0	0.0	0.0	0.0	0.0	0.0	0.0	0.0	0.0	0.3333333333333333
SRR12183269_1	0.0	0.0	0.0	0.0	0.0	0.0	0.0	0.0	0.0	0.0	0.0	0.0	0.0	0.0	0.0	0.0	0.0	0.0	0.0	0.0	0.0	0.0	0.0	0.0	0.0	0.0	0.0	0.0	0.0	0.0	0.0	0.0	0.5	0.5	1.0	1.0	3.25	16.25	9.5	3.75	3.75	3.25	5.0	9.75	5.5	15.5	28.0	54.25	186.5	406.5	339.0	182.5	332.75	1018.0	1527.25	2027.0	2343.75	1542.5	851.5	472.0	302.75	140.0	91.5	59.5	32.75	18.5	13.0	8.75	7.0	3.5	2.25	1.25	0.75	0.75	0.75	0.0	0.0	0.0	0.0	0.0	0.0	0.0	0.0	0.0	0.0	0.0	0.0	0.0	0.0	0.0	0.0	0.0	0.0	0.0	0.0	0.0	0.0	0.0	0.0	0.0	0.0
SRR12183269_2	0.0	0.0	0.0	0.0	0.0	0.0	0.0	0.0	0.0	0.0	0.0	0.0	0.0	0.0	0.0	0.0	0.0	0.0	0.0	0.0	0.0	0.0	0.0	0.0	0.0	0.0	0.25	0.0	0.0	0.0	0.0	0.0	0.75	0.5	0.5	1.25	5.25	16.0	9.25	3.5	2.5	3.75	6.0	6.0	7.5	16.0	28.5	56.25	187.5	368.25	332.5	213.0	352.25	914.75	1473.25	1934.75	2232.75	1600.75	950.5	556.5	340.0	197.25	114.5	79.5	45.5	25.0	14.75	11.0	7.5	5.75	3.5	1.5	1.75	0.25	0.0	0.25	0.25	0.0	0.0	0.0	0.0	0.0	0.0	0.0	0.0	0.0	0.0	0.0	0.0	0.0	0.0	0.0	0.0	0.0	0.0	0.0	0.0	0.25	0.25	0.0	0.0
SRR12183285_1	0.0	0.0	0.0	0.0	0.0	0.0	0.0	0.0	0.0	0.0	0.0	0.0	0.0	0.0	0.0	0.0	0.0	0.0	0.0	0.0	0.0	0.0	0.0	0.25	0.25	0.0	0.0	0.0	0.0	0.0	0.0	0.5	0.5	0.0	2.25	7.5	7.25	11.25	14.25	46.5	59.75	13.75	37.25	74.5	38.5	40.25	45.75	98.75	334.5	794.5	875.5	536.0	524.25	1075.5	1584.75	2368.25	2958.25	2713.5	1873.5	1382.25	892.75	543.0	353.5	219.75	132.75	75.0	55.25	45.25	25.5	15.0	4.0	3.25	2.5	1.25	0.5	0.0	0.5	0.0	0.0	0.0	0.0	0.25	0.0	0.0	0.0	0.0	0.0	0.0	0.0	0.0	0.0	0.0	0.0	0.0	0.0	0.0	0.0	0.0	0.0	0.0	0.0
SRR12183285_2	0.0	0.0	0.0	0.0	0.0	0.0	0.0	0.0	0.0	0.0	0.0	0.0	0.0	0.0	0.0	0.0	0.0	0.0	0.0	0.0	0.0	0.0	0.0	0.0	0.0	0.0	0.0	0.0	0.0	0.0	0.0	0.0	0.0	1.5	4.75	7.5	4.0	9.75	12.75	48.75	54.75	20.5	45.25	66.5	31.0	36.5	46.0	96.75	330.75	765.75	877.0	555.25	517.25	1025.75	1581.0	2311.75	2918.75	2707.5	1887.0	1420.5	927.5	561.75	374.25	252.25	159.75	89.75	52.25	35.0	27.75	16.0	11.0	5.25	2.0	0.75	0.25	0.5	0.5	0.0	0.0	0.0	0.0	0.0	0.0	0.0	0.0	0.25	0.5	0.0	0.0	0.0	0.25	0.25	0.0	0.25	0.0	0.25	0.25	0.0	0.0	0.0	0.0
SRR12183296_1	0.0	0.0	0.0	0.0	0.0	0.0	0.0	0.0	0.0	0.0	0.0	0.0	0.0	0.0	0.0	0.0	0.0	0.0	0.0	0.0	0.0	0.0	0.0	0.0	0.0	0.0	0.0	0.0	0.0	0.0	0.0	0.0	0.0	0.0	0.0	0.0	0.75	9.25	55.5	92.5	60.0	156.75	40.75	15.5	10.25	6.0	32.0	354.5	404.5	960.75	503.75	445.5	456.5	748.0	2172.25	2156.25	1099.25	973.25	988.25	305.25	66.25	32.75	51.5	68.0	21.25	21.25	20.25	12.75	2.5	1.25	0.0	0.0	0.0	0.0	0.0	0.0	0.0	0.0	0.0	0.0	0.0	0.0	0.0	0.0	0.0	0.0	0.0	0.0	0.0	0.0	0.0	0.0	0.0	0.0	0.0	0.0	0.0	0.0	0.0	0.0	0.0
SRR12183296_2	0.0	0.0	0.0	0.0	0.0	0.0	0.0	0.0	0.0	0.0	0.0	0.0	0.0	0.0	0.0	0.0	0.0	0.0	0.0	0.0	0.0	0.0	0.0	0.0	0.0	0.0	0.0	0.0	0.0	0.0	0.0	0.0	0.0	0.0	0.0	0.0	2.75	12.5	78.5	64.25	68.0	144.25	37.75	14.75	14.5	22.75	51.25	339.0	447.0	957.0	505.0	388.5	453.75	805.5	1920.5	2086.5	1231.5	953.25	969.25	434.25	127.0	43.75	36.5	64.25	34.25	20.5	19.75	13.0	5.75	1.75	0.25	0.25	0.25	0.25	0.0	0.0	0.5	0.25	0.0	0.0	0.0	0.0	0.0	0.0	0.0	0.0	0.0	0.0	0.0	0.0	0.0	0.0	0.0	0.0	0.0	0.0	0.0	0.0	0.0	0.0	0.0
SRR12183309_1	0.0	0.0	0.0	0.0	0.0	0.0	0.0	0.0	0.0	0.0	0.0	0.0	0.0	0.0	0.0	0.0	0.0	0.0	0.0	0.0	0.0	0.0	0.0	0.0	0.0	0.0	0.0	0.0	0.0	0.0	0.0	0.0	0.0	0.0	0.0	0.25	0.5	0.75	4.75	48.75	73.5	8.5	17.0	22.25	10.5	10.5	21.75	29.5	294.0	1311.5	563.25	295.25	175.0	271.25	684.25	1027.0	1054.5	880.75	515.75	339.5	246.5	171.25	146.0	129.25	107.5	58.0	35.0	18.0	9.75	4.25	1.5	0.5	0.0	0.25	0.25	0.0	0.0	0.0	0.0	0.0	0.0	0.0	0.0	0.0	0.0	0.0	0.0	0.0	0.0	0.0	0.0	0.0	0.0	0.0	0.0	0.0	0.0	0.0	0.0	0.0	0.0
SRR12183309_2	0.0	0.0	0.0	0.0	0.0	0.0	0.0	0.0	0.0	0.0	0.0	0.0	0.0	0.0	0.0	0.0	0.0	0.0	0.0	0.0	0.0	0.0	0.0	0.0	0.0	0.0	0.0	0.0	0.0	0.0	0.0	0.0	0.0	0.0	0.25	0.25	0.0	2.5	6.75	42.25	54.75	13.75	18.25	24.5	13.5	11.0	21.25	44.75	310.25	1062.75	559.0	319.75	223.25	305.75	637.0	977.0	1015.25	895.0	593.25	381.25	282.0	199.5	157.75	123.25	121.75	79.25	46.75	29.25	16.25	8.75	3.25	1.0	0.5	1.0	0.25	0.0	0.0	0.0	0.0	0.0	0.0	0.0	0.0	0.0	0.0	0.0	0.0	0.25	0.0	0.0	0.0	0.0	0.0	0.0	0.0	0.25	0.5	0.0	0.0	0.0	0.0
SRR12183310_1	0.0	0.0	0.0	0.0	0.0	0.0	0.0	0.0	0.0	0.0	0.0	0.0	0.0	0.0	0.0	0.0	0.0	0.0	0.0	0.0	0.0	0.0	0.0	0.0	0.0	0.0	0.0	0.0	0.0	0.0	0.0	0.0	0.0	0.0	0.0	1.75	4.5	2.75	2.25	4.0	1.5	6.25	3.5	0.25	0.75	2.75	4.5	37.75	65.25	104.25	110.75	107.75	173.0	389.0	663.0	1176.25	1550.75	1586.0	1241.0	1014.25	781.75	376.0	206.0	125.0	65.0	46.0	40.75	30.5	20.0	8.25	4.75	2.75	1.5	0.75	0.25	0.0	0.0	0.25	0.25	0.0	0.0	0.0	0.0	0.0	0.0	0.0	0.0	0.0	0.0	0.0	0.0	0.0	0.0	0.0	0.0	0.0	0.0	0.0	0.0	0.0	0.0
SRR12183310_2	0.0	0.0	0.0	0.0	0.0	0.0	0.0	0.0	0.0	0.0	0.0	0.0	0.0	0.0	0.0	0.0	0.0	0.0	0.0	0.0	0.0	0.0	0.0	0.0	0.0	0.0	0.0	0.0	0.0	0.0	0.0	0.0	0.0	0.0	0.0	2.0	5.25	3.5	2.0	3.75	2.0	5.5	2.0	0.5	0.5	1.5	6.0	35.25	62.0	99.0	111.5	113.25	179.0	366.75	620.0	1081.0	1462.0	1522.0	1282.25	1042.0	816.0	471.5	261.0	151.25	84.0	51.5	43.75	29.0	19.0	16.0	9.5	4.5	2.5	2.0	1.5	0.75	0.75	0.0	0.25	0.25	0.25	0.25	0.0	0.0	0.0	0.0	0.0	0.0	0.0	0.0	0.0	0.0	0.0	0.0	0.0	0.0	0.0	0.0	0.0	0.0	0.0
SRR12183321_1	0.0	0.0	0.0	0.0	0.0	0.0	0.0	0.0	0.0	0.0	0.0	0.0	0.0	0.0	0.0	0.0	0.0	0.0	0.0	0.0	0.0	0.0	0.0	0.0	0.0	0.0	0.0	0.0	0.0	0.0	0.0	0.0	0.0	0.0	0.0	1.0	0.25	2.75	4.25	59.0	101.0	14.5	19.25	23.5	13.25	10.75	21.0	46.5	339.5	1637.0	752.75	236.25	252.5	321.75	622.5	1198.25	1284.5	1078.25	641.75	508.5	363.0	164.0	65.0	40.5	32.75	15.25	13.0	13.0	7.25	3.75	1.0	0.5	0.75	0.5	0.0	0.0	0.0	0.0	0.0	0.0	0.0	0.0	0.0	0.0	0.0	0.0	0.0	0.0	0.0	0.0	0.0	0.0	0.0	0.0	0.0	0.0	0.0	0.0	0.0	0.0	0.0
SRR12183321_2	0.0	0.0	0.0	0.0	0.0	0.0	0.0	0.0	0.0	0.0	0.0	0.0	0.0	0.0	0.0	0.0	0.0	0.0	0.0	0.0	0.0	0.0	0.0	0.0	0.0	0.0	0.0	0.0	0.0	0.0	0.0	0.0	0.0	0.0	0.0	1.25	0.5	2.75	8.0	54.0	81.5	24.25	20.5	25.5	16.25	18.75	26.5	65.5	415.5	1308.25	784.5	304.75	283.0	363.75	627.0	1090.75	1245.25	1064.25	749.25	526.25	397.5	233.5	108.75	55.25	37.75	24.75	17.75	12.25	11.75	6.5	2.0	1.5	1.5	0.25	0.5	0.25	0.25	0.5	0.0	0.0	0.0	0.0	0.0	0.0	0.0	0.0	0.0	0.0	0.0	0.0	0.0	0.0	0.0	0.0	0.0	0.0	0.0	0.0	0.0	0.0	0.0
SRR12183332_1	0.0	0.0	0.0	0.0	0.0	0.0	0.0	0.0	0.0	0.0	0.0	0.0	0.0	0.0	0.0	0.0	0.0	0.0	0.0	0.0	0.0	0.0	0.0	0.0	0.0	0.0	0.25	0.0	0.0	0.0	0.0	0.0	0.0	0.25	0.0	0.0	0.75	1.0	4.5	5.75	1.0	1.25	1.5	5.0	3.75	2.5	6.0	37.5	160.5	619.0	489.0	170.0	169.0	314.5	521.0	1082.5	1374.25	1213.25	661.0	521.0	372.5	190.0	99.5	64.25	41.0	29.0	18.25	11.0	7.5	4.0	3.5	1.5	0.75	0.0	0.0	0.0	0.0	0.0	0.0	0.0	0.0	0.0	0.0	0.0	0.0	0.0	0.0	0.0	0.0	0.0	0.0	0.0	0.0	0.0	0.0	0.0	0.0	0.0	0.0	0.0	0.0
SRR12183332_2	0.0	0.0	0.0	0.0	0.0	0.0	0.0	0.0	0.0	0.0	0.0	0.0	0.0	0.0	0.0	0.0	0.0	0.0	0.0	0.0	0.0	0.0	0.0	0.0	0.0	0.0	0.0	0.0	0.0	0.0	0.0	0.0	0.0	0.25	0.0	0.5	1.25	2.0	3.75	4.0	1.75	0.0	3.25	5.0	1.75	3.75	7.0	35.0	176.25	516.25	479.75	209.75	184.0	310.5	528.75	983.25	1268.5	1175.25	776.25	547.75	383.0	244.25	121.5	83.5	54.0	37.0	22.25	13.5	11.75	4.75	4.25	1.5	1.0	0.75	0.0	0.0	0.0	0.25	0.25	0.0	0.0	0.0	0.0	0.0	0.0	0.0	0.0	0.0	0.0	0.0	0.0	0.0	0.25	0.25	0.0	0.0	0.0	0.0	0.0	0.0	0.0
SRR12183337_1	0.0	0.0	0.0	0.0	0.0	0.0	0.0	0.0	0.0	0.0	0.0	0.0	0.0	0.0	0.0	0.0	0.0	0.0	0.0	0.0	0.0	0.0	0.0	0.0	0.0	0.0	0.0	0.0	0.0	0.0	0.0	0.0	0.0	0.0	0.0	0.0	0.75	1.25	3.0	61.0	89.0	15.0	9.5	10.75	5.25	57.5	366.5	202.25	260.5	899.5	606.75	333.25	184.0	210.75	423.75	684.5	755.25	620.0	393.5	292.75	188.0	89.75	55.75	47.5	26.5	8.75	3.75	3.0	2.0	0.5	0.5	1.0	1.25	0.25	0.0	0.0	0.0	0.0	0.0	0.0	0.0	0.0	0.0	0.0	0.0	0.0	0.0	0.0	0.0	0.0	0.0	0.0	0.0	0.0	0.0	0.0	0.0	0.0	0.0	0.0	0.0
SRR12183337_2	0.0	0.0	0.0	0.0	0.0	0.0	0.0	0.0	0.0	0.0	0.0	0.0	0.0	0.0	0.0	0.0	0.0	0.0	0.0	0.0	0.0	0.0	0.0	0.0	0.0	0.0	0.0	0.0	0.0	0.0	0.0	0.0	0.0	0.0	0.0	0.0	1.0	2.0	6.5	56.0	72.5	14.0	12.5	11.25	9.75	63.25	298.25	212.25	289.25	757.75	597.5	351.75	236.0	261.5	418.0	641.0	735.5	624.0	438.0	314.75	217.75	124.75	69.0	52.0	34.75	15.25	5.75	2.75	1.0	0.75	1.0	0.5	0.25	0.5	0.5	0.25	0.25	0.25	0.0	0.0	0.0	0.0	0.0	0.0	0.0	0.0	0.0	0.0	0.0	0.0	0.0	0.25	0.0	0.0	0.0	0.0	0.0	0.0	0.0	0.0	0.0
SRR12183348_1	0.0	0.0	0.0	0.0	0.0	0.0	0.0	0.0	0.0	0.0	0.0	0.0	0.0	0.0	0.0	0.0	0.0	0.0	0.0	0.0	0.0	0.0	0.0	0.0	0.0	0.0	0.0	0.0	0.0	0.0	0.0	0.0	0.0	0.0	0.0	0.25	1.25	0.25	0.75	4.25	9.25	3.5	2.25	3.25	14.25	30.5	35.5	47.75	139.25	415.25	336.75	183.75	108.25	190.0	422.25	756.5	944.25	961.25	785.5	591.75	344.75	190.25	101.0	68.75	37.25	22.75	17.5	14.75	5.0	2.25	2.0	1.5	0.75	0.25	0.5	0.0	0.0	0.0	0.0	0.0	0.0	0.0	0.0	0.0	0.0	0.0	0.0	0.0	0.0	0.0	0.0	0.0	0.0	0.0	0.0	0.0	0.0	0.0	0.0	0.0	0.0
SRR12183348_2	0.0	0.0	0.0	0.0	0.0	0.0	0.0	0.0	0.0	0.0	0.0	0.0	0.0	0.0	0.0	0.0	0.0	0.0	0.0	0.0	0.0	0.0	0.0	0.0	0.0	0.0	0.0	0.0	0.0	0.0	0.0	0.0	0.0	0.0	0.0	0.0	1.0	0.75	1.5	4.25	6.25	1.75	2.5	4.75	14.5	23.25	36.75	57.75	147.5	342.25	304.25	189.75	138.25	204.25	408.0	707.5	879.75	897.25	793.5	644.0	404.75	236.75	140.25	89.75	53.25	29.75	20.75	17.0	10.5	5.5	3.75	3.0	0.75	0.25	0.25	0.25	0.25	0.0	0.0	0.0	0.0	0.25	0.0	0.25	0.0	0.0	0.0	0.0	0.0	0.0	0.0	0.0	0.0	0.0	0.0	0.0	0.0	0.0	0.0	0.0	0.0
SRR12183359_1	0.0	0.0	0.0	0.0	0.0	0.0	0.0	0.0	0.0	0.0	0.0	0.0	0.0	0.0	0.0	0.0	0.0	0.0	0.0	0.0	0.0	0.0	0.0	0.0	0.0	0.0	0.0	0.0	0.0	0.0	0.0	0.0	0.0	0.0	0.0	0.5	4.75	8.25	5.5	1.5	1.75	6.5	3.0	2.75	11.5	9.75	15.25	177.25	216.75	375.5	343.5	203.0	136.25	604.0	2023.75	2033.25	805.5	473.0	316.25	94.75	28.25	16.75	51.25	85.5	22.5	34.5	20.75	10.5	2.75	0.5	0.25	0.0	0.0	0.25	0.0	0.25	0.0	0.0	0.0	0.0	0.0	0.0	0.0	0.0	0.0	0.0	0.0	0.0	0.0	0.0	0.0	0.0	0.0	0.0	0.0	0.0	0.0	0.0	0.0	0.0	0.0
SRR12183359_2	0.0	0.0	0.0	0.0	0.0	0.0	0.0	0.0	0.0	0.0	0.0	0.0	0.0	0.0	0.0	0.0	0.0	0.0	0.0	0.0	0.0	0.0	0.0	0.0	0.0	0.0	0.0	0.0	0.0	0.0	0.0	0.0	0.0	0.0	0.0	1.0	6.75	9.25	3.0	2.25	2.5	5.75	3.5	4.0	9.0	6.0	18.25	159.0	219.0	336.0	323.75	221.0	173.75	578.25	1716.75	1955.25	993.25	534.5	373.0	150.75	60.75	27.75	35.0	67.75	49.75	32.25	26.5	17.5	6.75	3.0	0.5	0.25	1.0	0.5	0.0	0.25	0.25	0.0	0.0	0.0	0.0	0.0	0.0	0.0	0.0	0.0	0.0	0.0	0.0	0.0	0.0	0.0	0.0	0.0	0.0	0.0	0.0	0.0	0.0	0.0	0.0
SRR12183366_1	0.0	0.0	0.0	0.0	0.0	0.0	0.0	0.0	0.0	0.0	0.0	0.0	0.0	0.0	0.0	0.0	0.0	0.0	0.0	0.0	0.0	0.0	0.0	0.0	0.0	0.0	0.0	0.0	0.0	0.0	0.0	0.0	0.0	0.0	0.0	0.0	1.5	2.75	4.75	3.75	1.25	3.75	1.5	2.0	1.5	2.75	4.5	61.0	353.5	1766.75	600.5	229.0	123.25	336.5	1135.5	1867.0	818.0	860.5	656.0	204.75	50.5	18.25	11.25	8.25	6.0	24.5	34.25	21.5	3.75	0.75	0.75	0.25	0.0	0.0	0.0	0.0	0.0	0.0	0.0	0.0	0.0	0.0	0.0	0.0	0.0	0.0	0.0	0.0	0.0	0.0	0.0	0.0	0.0	0.0	0.0	0.0	0.0	0.0	0.0	0.0	0.0
SRR12183366_2	0.0	0.0	0.0	0.0	0.0	0.0	0.0	0.0	0.0	0.0	0.0	0.0	0.0	0.0	0.0	0.0	0.0	0.0	0.0	0.0	0.0	0.0	0.0	0.0	0.0	0.0	0.0	0.0	0.0	0.0	0.0	0.0	0.0	0.0	0.0	0.0	1.75	4.0	5.0	2.75	2.25	2.75	1.25	1.0	0.75	5.25	12.5	75.0	402.75	1426.25	657.25	279.75	207.5	368.75	1084.25	1744.75	925.5	792.25	680.75	298.25	97.5	32.5	13.25	6.25	8.75	22.0	24.5	22.75	12.0	4.25	1.5	0.0	0.0	0.5	0.0	0.0	0.0	0.0	0.0	0.25	0.25	0.0	0.0	0.0	0.0	0.0	0.0	0.0	0.0	0.0	0.0	0.0	0.0	0.0	0.0	0.0	0.0	0.0	0.0	0.0	0.0
SRR12183377_1	0.0	0.0	0.0	0.0	0.0	0.0	0.0	0.0	0.0	0.0	0.0	0.0	0.0	0.0	0.0	0.0	0.0	0.0	0.0	0.0	0.0	0.0	0.0	0.0	0.0	0.0	0.0	0.0	0.0	0.0	0.0	0.0	0.0	0.0	0.0	0.0	0.0	0.25	0.25	0.5	0.75	0.5	1.75	3.75	4.5	3.0	6.25	67.25	333.75	1060.25	529.0	270.75	342.5	442.5	1608.5	2019.75	1030.25	936.0	916.25	295.25	71.25	28.75	16.25	7.25	4.75	5.0	5.0	10.75	5.5	1.0	0.5	0.25	0.0	0.0	0.0	0.0	0.0	0.0	0.0	0.0	0.0	0.0	0.0	0.0	0.0	0.0	0.0	0.0	0.0	0.0	0.0	0.0	0.0	0.0	0.0	0.0	0.0	0.0	0.0	0.0	0.0
SRR12183377_2	0.0	0.0	0.0	0.0	0.0	0.0	0.0	0.0	0.0	0.0	0.0	0.0	0.0	0.0	0.0	0.0	0.0	0.0	0.0	0.0	0.0	0.0	0.0	0.0	0.0	0.0	0.0	0.0	0.0	0.0	0.0	0.0	0.0	0.0	0.0	0.0	0.0	0.0	0.25	0.5	1.5	4.75	0.75	0.25	1.75	1.5	5.5	74.25	360.25	928.25	533.75	300.5	347.75	451.0	1481.75	2009.5	1136.0	931.75	898.25	367.5	109.25	42.5	16.75	9.0	13.75	9.0	5.25	3.75	2.75	0.25	0.5	0.25	0.0	0.0	0.25	0.25	0.0	0.0	0.0	0.25	0.0	0.0	0.0	0.0	0.0	0.0	0.0	0.0	0.0	0.0	0.0	0.0	0.0	0.0	0.0	0.0	0.0	0.0	0.0	0.0	0.0
SRR12183388_1	0.0	0.0	0.0	0.0	0.0	0.0	0.0	0.0	0.0	0.0	0.0	0.0	0.0	0.0	0.0	0.0	0.0	0.0	0.0	0.0	0.0	0.0	0.0	0.0	0.0	0.0	0.0	0.0	0.0	0.0	0.0	0.0	0.25	0.25	0.0	0.0	0.0	0.0	0.0	0.0	0.25	0.5	4.5	3.25	1.5	2.0	2.5	10.5	83.0	378.75	116.25	59.25	131.25	300.25	633.5	2280.25	2784.5	561.25	446.5	126.5	37.0	15.0	4.5	2.5	0.25	1.0	0.5	0.25	0.25	0.0	0.0	0.0	0.0	0.0	0.0	0.0	0.0	0.0	0.0	0.0	0.0	0.0	0.0	0.0	0.0	0.0	0.0	0.0	0.0	0.0	0.0	0.0	0.0	0.0	0.0	0.0	0.0	0.0	0.0	0.0	0.0
SRR12183388_2	0.0	0.0	0.0	0.0	0.0	0.0	0.0	0.0	0.0	0.0	0.0	0.0	0.0	0.0	0.0	0.0	0.0	0.0	0.0	0.0	0.0	0.0	0.0	0.0	0.0	0.0	0.0	0.0	0.0	0.0	0.0	0.0	0.0	0.0	0.0	0.0	0.25	0.0	0.0	0.0	0.0	0.25	4.25	3.75	0.75	0.75	5.25	11.25	87.75	318.5	125.25	72.75	147.75	300.75	660.0	1999.5	2622.25	789.75	489.5	178.25	60.0	27.25	10.0	4.0	3.0	1.0	0.75	0.75	0.75	0.25	0.0	0.25	0.0	0.25	0.25	0.0	0.0	0.0	0.0	0.0	0.0	0.25	0.0	0.0	0.0	0.0	0.0	0.0	0.0	0.0	0.0	0.0	0.0	0.0	0.0	0.0	0.0	0.0	0.0	0.0	0.0
SRR12183400_1	0.0	0.0	0.0	0.0	0.0	0.0	0.0	0.0	0.0	0.0	0.0	0.0	0.0	0.0	0.0	0.0	0.0	0.0	0.0	0.0	0.0	0.0	0.0	0.0	0.0	0.0	0.0	0.0	0.0	0.0	0.0	0.0	0.0	0.0	0.0	0.5	0.25	0.0	0.25	0.0	0.25	0.0	0.25	1.25	2.25	3.25	13.5	92.25	1803.75	2442.5	948.5	428.5	759.0	977.25	3101.25	1735.0	934.5	1243.5	510.5	105.25	24.5	10.0	5.0	2.25	1.25	0.5	0.25	0.25	0.0	0.0	0.0	0.25	0.0	0.0	0.0	0.0	0.0	0.0	0.0	0.0	0.0	0.0	0.0	0.0	0.0	0.0	0.0	0.0	0.0	0.0	0.0	0.0	0.0	0.0	0.0	0.0	0.0	0.0	0.0	0.0	0.0
SRR12183400_2	0.0	0.0	0.0	0.0	0.0	0.0	0.0	0.0	0.0	0.0	0.0	0.0	0.0	0.0	0.0	0.0	0.0	0.0	0.0	0.0	0.0	0.0	0.0	0.0	0.0	0.0	0.0	0.0	0.0	0.0	0.0	0.0	0.0	0.0	0.0	0.0	0.0	0.0	0.0	0.25	0.25	0.0	0.0	2.0	3.25	6.5	19.0	159.5	1624.75	2315.5	1071.5	500.0	768.0	1013.25	2629.5	1900.75	1019.5	1139.75	602.75	216.25	62.5	25.75	9.5	6.25	5.0	2.75	1.5	0.75	0.25	0.0	0.0	0.0	0.25	0.0	0.25	0.0	0.0	0.0	0.0	0.0	0.0	0.0	0.0	0.0	0.0	0.0	0.0	0.0	0.0	0.0	0.0	0.0	0.0	0.0	0.0	0.0	0.0	0.0	0.0	0.0	0.0
SRR12183411_1	0.0	0.0	0.0	0.0	0.0	0.0	0.0	0.0	0.0	0.0	0.0	0.0	0.0	0.0	0.0	0.0	0.0	0.0	0.0	0.0	0.0	0.0	0.0	0.0	0.0	0.0	0.0	0.0	0.0	0.0	0.0	0.0	0.0	0.0	0.0	0.0	0.25	0.25	0.0	0.25	0.75	0.75	1.25	1.25	2.0	4.0	12.75	89.5	1556.25	1916.25	700.75	353.0	611.75	789.5	2241.25	1254.0	658.25	898.5	366.0	90.5	27.75	8.25	1.75	1.25	0.75	0.5	0.25	0.0	0.0	0.0	0.0	0.5	0.25	0.0	0.0	0.0	0.0	0.0	0.0	0.0	0.0	0.0	0.0	0.0	0.0	0.0	0.0	0.0	0.0	0.0	0.0	0.0	0.0	0.0	0.0	0.0	0.0	0.0	0.0	0.0	0.0
SRR12183411_2	0.0	0.0	0.0	0.0	0.0	0.0	0.0	0.0	0.0	0.0	0.0	0.0	0.0	0.0	0.0	0.0	0.0	0.0	0.0	0.0	0.0	0.0	0.0	0.0	0.0	0.0	0.0	0.0	0.0	0.0	0.0	0.25	0.0	0.0	0.0	0.0	0.0	0.0	0.0	0.5	0.5	1.0	1.25	2.5	2.0	4.25	8.75	91.25	1470.5	1945.5	783.0	343.75	592.75	770.75	2009.75	1388.0	705.25	875.75	410.5	122.5	37.75	15.75	8.75	8.25	4.5	3.5	2.5	1.5	0.25	1.0	0.25	0.0	0.0	0.0	0.0	0.0	0.0	0.0	0.0	0.0	0.0	0.25	0.0	0.0	0.0	0.0	0.0	0.0	0.0	0.0	0.0	0.0	0.0	0.0	0.25	0.0	0.0	0.25	0.25	0.0	0.0
SRR12183422_1	0.0	0.0	0.0	0.0	0.0	0.0	0.0	0.0	0.0	0.0	0.0	0.0	0.0	0.0	0.0	0.0	0.0	0.0	0.0	0.0	0.0	0.0	0.0	0.0	0.0	0.0	0.0	0.0	0.0	0.0	0.25	0.25	0.0	0.0	0.0	0.25	0.0	0.0	0.0	0.0	0.75	0.75	1.75	2.5	2.25	5.0	11.5	86.5	1769.5	2364.0	897.25	403.0	745.0	993.75	2988.0	1555.0	877.75	1183.75	487.0	95.0	17.25	6.25	2.75	0.75	1.0	0.5	0.0	0.0	0.0	0.0	0.25	0.25	0.0	0.0	0.0	0.0	0.0	0.0	0.0	0.25	0.25	0.0	0.0	0.0	0.0	0.0	0.0	0.0	0.0	0.0	0.0	0.0	0.0	0.0	0.0	0.0	0.0	0.0	0.0	0.0	0.0
SRR12183422_2	0.0	0.0	0.0	0.0	0.0	0.0	0.0	0.0	0.0	0.0	0.0	0.0	0.0	0.0	0.0	0.0	0.0	0.0	0.0	0.0	0.0	0.0	0.0	0.0	0.0	0.0	0.0	0.0	0.0	0.0	0.0	0.0	0.0	0.0	0.0	0.0	0.0	0.0	0.0	0.5	0.25	0.5	1.25	2.5	3.0	4.75	14.5	109.5	1602.25	2254.5	1054.25	438.0	713.75	996.75	2609.0	1760.5	937.0	1127.25	558.0	181.75	60.75	28.75	12.25	7.75	3.0	4.25	3.5	2.5	1.0	0.0	0.0	0.25	0.25	0.5	0.25	0.0	0.0	0.0	0.0	0.0	0.0	0.0	0.0	0.0	0.0	0.0	0.0	0.0	0.0	0.0	0.0	0.0	0.0	0.0	0.0	0.0	0.0	0.0	0.0	0.0	0.0
SRR12183423_1	0.0	0.0	0.0	0.0	0.0	0.0	0.0	0.0	0.0	0.0	0.0	0.0	0.0	0.0	0.0	0.0	0.0	0.0	0.0	0.0	0.0	0.0	0.0	0.0	0.0	0.0	0.0	0.0	0.0	0.0	0.25	0.0	0.0	0.0	0.75	1.25	0.75	2.0	2.0	2.25	4.25	3.0	1.5	1.75	3.75	4.25	6.0	24.5	60.0	121.0	117.0	98.25	181.25	405.75	581.0	970.75	1221.0	1353.5	1030.75	864.25	698.25	326.0	165.5	114.0	67.5	41.25	36.5	26.0	19.5	10.25	7.75	3.25	0.75	1.25	1.0	0.5	0.0	0.0	0.0	0.0	0.0	0.0	0.0	0.0	0.0	0.0	0.0	0.0	0.0	0.0	0.0	0.0	0.0	0.0	0.0	0.0	0.0	0.0	0.0	0.0	0.0
SRR12183423_2	0.0	0.0	0.0	0.0	0.0	0.0	0.0	0.0	0.0	0.0	0.0	0.0	0.0	0.0	0.0	0.0	0.0	0.0	0.0	0.0	0.0	0.0	0.0	0.0	0.0	0.0	0.0	0.0	0.0	0.0	0.0	0.0	0.0	0.0	0.5	0.5	0.75	2.25	2.5	2.75	3.0	2.75	1.25	1.5	3.5	3.25	4.75	21.75	59.75	119.25	119.5	98.5	174.5	369.75	564.25	917.5	1190.5	1320.75	1059.75	871.25	688.0	405.25	198.75	130.75	73.25	46.0	37.0	26.0	23.75	13.5	9.0	4.75	3.0	1.75	1.75	0.5	0.75	0.75	0.0	0.0	0.0	0.0	0.0	0.0	0.0	0.0	0.0	0.0	0.0	0.0	0.0	0.0	0.0	0.0	0.0	0.25	0.0	0.0	0.0	0.0	0.0
SRR12183434_1	0.0	0.0	0.0	0.0	0.0	0.0	0.0	0.0	0.0	0.0	0.0	0.0	0.0	0.0	0.0	0.0	0.0	0.0	0.0	0.0	0.0	0.0	0.0	0.0	0.0	0.5	0.0	0.0	0.25	0.0	0.0	0.0	0.25	0.5	0.25	0.25	0.25	0.25	0.0	0.5	0.25	1.0	2.0	4.0	5.75	7.75	19.25	176.0	3168.0	3377.5	1097.0	553.75	958.75	1221.75	3672.0	2096.5	1072.5	1417.25	509.25	122.0	28.0	11.0	3.75	3.25	1.75	0.5	0.5	0.25	0.25	0.25	0.0	0.0	0.0	0.0	0.0	0.0	0.0	0.0	0.0	0.0	0.0	0.0	0.0	0.0	0.0	0.0	0.0	0.0	0.0	0.0	0.0	0.0	0.0	0.0	0.0	0.0	0.0	0.0	0.0	0.0	0.0
SRR12183434_2	0.0	0.0	0.0	0.0	0.0	0.0	0.0	0.0	0.0	0.0	0.0	0.0	0.0	0.0	0.0	0.0	0.0	0.0	0.0	0.0	0.0	0.0	0.0	0.0	0.0	0.0	0.0	0.0	0.0	0.0	0.0	0.0	0.0	0.0	0.0	0.25	0.25	0.0	0.0	0.5	0.25	0.75	0.25	3.0	4.5	8.5	25.0	217.75	2971.25	3414.75	1216.5	559.0	911.25	1219.5	3255.5	2295.5	1105.25	1347.5	576.25	186.5	54.75	26.25	13.5	9.0	5.75	4.0	1.75	1.5	1.5	0.75	0.0	0.0	0.0	0.0	0.25	0.5	0.0	0.0	0.0	0.0	0.0	0.0	0.0	0.0	0.0	0.0	0.0	0.0	0.0	0.0	0.0	0.25	0.0	0.0	0.0	0.0	0.0	0.0	0.0	0.0	0.0
SRR12183445_1	0.0	0.0	0.0	0.0	0.0	0.0	0.0	0.0	0.0	0.0	0.0	0.0	0.0	0.0	0.0	0.0	0.0	0.0	0.0	0.0	0.0	0.0	0.0	0.0	0.0	0.0	0.0	0.0	0.0	0.0	0.0	0.0	0.0	0.0	0.0	0.25	0.25	0.5	0.25	0.75	1.5	1.0	0.75	2.0	2.75	4.0	10.75	96.25	1980.75	2555.5	934.5	494.25	874.25	1043.75	3209.0	1660.5	877.0	1162.0	409.75	87.0	21.25	6.5	2.25	2.75	1.0	0.25	0.75	0.75	0.25	0.0	0.25	0.0	0.0	0.0	0.0	0.0	0.0	0.0	0.0	0.0	0.0	0.0	0.0	0.0	0.0	0.0	0.0	0.0	0.0	0.0	0.0	0.0	0.0	0.0	0.0	0.0	0.0	0.0	0.0	0.0	0.0
SRR12183445_2	0.0	0.0	0.0	0.0	0.0	0.0	0.0	0.0	0.0	0.0	0.0	0.0	0.0	0.0	0.0	0.0	0.0	0.0	0.0	0.0	0.0	0.0	0.0	0.0	0.0	0.0	0.0	0.0	0.0	0.0	0.0	0.0	0.0	0.0	0.0	0.25	0.0	0.0	0.25	0.25	0.25	0.5	1.75	2.75	3.0	4.5	16.25	132.5	1791.0	2446.25	1071.5	527.75	851.0	1079.0	2750.25	1891.75	928.0	1094.5	505.5	162.0	56.5	18.75	12.25	5.5	5.25	4.25	2.75	1.75	0.5	0.5	0.5	0.75	0.25	0.0	0.0	0.0	0.0	0.0	0.0	0.0	0.0	0.0	0.0	0.0	0.0	0.0	0.0	0.0	0.0	0.0	0.0	0.0	0.0	0.0	0.0	0.0	0.0	0.0	0.0	0.0	0.3333333333333333
SRR12183456_1	0.0	0.0	0.0	0.0	0.0	0.0	0.0	0.0	0.0	0.0	0.0	0.0	0.0	0.0	0.0	0.0	0.0	0.0	0.0	0.0	0.0	0.0	0.0	0.0	0.0	0.0	0.0	0.0	0.0	0.0	0.0	0.0	0.0	0.0	0.0	0.0	0.0	0.0	0.5	0.0	0.5	0.25	0.25	0.75	1.5	4.5	13.0	136.25	2742.0	3136.0	1110.75	1409.75	3347.75	2823.25	4504.75	2003.0	1048.5	2464.75	597.25	99.0	28.75	11.5	4.75	3.0	0.75	0.75	1.25	0.75	0.0	0.0	0.25	0.0	0.0	0.0	0.25	0.0	0.25	0.0	0.0	0.0	0.0	0.0	0.0	0.0	0.0	0.0	0.0	0.0	0.0	0.0	0.0	0.0	0.0	0.0	0.0	0.0	0.0	0.0	0.0	0.0	0.0
SRR12183456_2	0.0	0.0	0.0	0.0	0.0	0.0	0.0	0.0	0.0	0.0	0.0	0.0	0.0	0.0	0.0	0.0	0.0	0.0	0.0	0.0	0.0	0.0	0.0	0.0	0.0	0.0	0.0	0.0	0.0	0.0	0.0	0.25	0.0	0.0	0.0	0.0	0.0	0.0	0.25	0.25	0.25	0.5	0.25	0.75	3.5	13.0	26.5	211.25	2433.5	3035.0	1314.0	1405.25	3081.5	2883.0	4128.5	2311.75	1186.25	2151.75	965.0	220.75	73.0	29.5	17.5	8.5	8.25	5.0	4.0	1.75	1.5	0.75	0.5	0.75	0.75	0.0	0.25	0.0	0.25	0.5	0.25	0.5	0.0	0.0	0.0	0.0	0.0	0.0	0.0	0.0	0.0	0.0	0.0	0.0	0.0	0.0	0.0	0.0	0.0	0.0	0.0	0.0	0.0
SRR12183467_1	0.0	0.0	0.0	0.0	0.0	0.0	0.0	0.0	0.0	0.0	0.0	0.0	0.0	0.0	0.0	0.0	0.0	0.0	0.0	0.0	0.0	0.0	0.0	0.0	0.0	0.0	0.0	0.0	0.0	0.0	0.0	0.0	0.0	0.0	0.0	0.0	0.5	0.5	0.5	0.0	0.75	0.75	0.75	1.0	0.75	1.0	0.75	0.75	13.75	8.75	4.0	19.75	62.0	37.5	40.0	50.75	43.5	39.0	16.5	5.5	1.75	0.5	0.25	0.0	0.0	0.0	0.0	0.0	0.0	0.0	0.0	0.0	0.0	0.0	0.0	0.0	0.0	0.0	0.0	0.0	0.0	0.0	0.0	0.0	0.0	0.0	0.0	0.0	0.0	0.0	0.0	0.0	0.0	0.0	0.0	0.0	0.0	0.0	0.0	0.0	0.0
SRR12183467_2	0.0	0.0	0.0	0.0	0.0	0.0	0.0	0.0	0.0	0.0	0.0	0.0	0.0	0.0	0.0	0.0	0.0	0.0	0.0	0.0	0.0	0.0	0.0	0.0	0.0	0.0	0.0	0.0	0.0	0.0	0.0	0.0	0.0	0.0	0.0	0.0	0.0	0.0	0.0	0.0	0.25	1.25	0.5	0.5	0.75	0.5	0.75	1.75	12.75	9.0	4.0	19.0	61.75	39.25	39.5	53.25	45.75	38.75	16.75	4.25	1.75	0.5	0.5	0.25	0.0	0.25	0.0	0.0	0.0	0.0	0.0	0.0	0.0	0.0	0.0	0.0	0.0	0.0	0.0	0.0	0.0	0.0	0.0	0.0	0.0	0.0	0.0	0.0	0.0	0.0	0.0	0.0	0.0	0.0	0.0	0.0	0.0	0.0	0.0	0.0	0.0
SRR12183485_1	0.0	0.0	0.0	0.0	0.0	0.0	0.0	0.0	0.0	0.0	0.0	0.0	0.0	0.0	0.0	0.0	0.0	0.0	0.0	0.0	0.0	0.0	0.0	0.0	0.0	0.0	0.0	0.0	0.0	0.0	0.0	0.0	0.0	0.0	0.25	0.25	2.5	4.75	4.0	9.75	9.25	6.75	4.25	13.25	24.5	25.75	16.5	24.0	84.75	188.5	265.5	299.5	361.75	588.25	818.75	1364.0	2181.25	2194.75	1812.75	1440.25	977.25	523.75	332.5	233.25	165.75	109.0	105.5	94.75	53.0	31.75	15.0	6.0	3.0	1.75	1.25	0.75	0.75	0.25	0.0	0.25	0.25	0.0	0.0	0.0	0.0	0.0	0.0	0.25	0.0	0.0	0.0	0.0	0.0	0.0	0.0	0.0	0.0	0.0	0.0	0.0	0.0
SRR12183485_2	0.0	0.0	0.0	0.0	0.0	0.0	0.0	0.0	0.0	0.0	0.0	0.0	0.0	0.0	0.0	0.0	0.0	0.0	0.0	0.0	0.0	0.0	0.0	0.0	0.0	0.0	0.0	0.0	0.0	0.0	0.0	0.0	0.0	0.25	0.25	0.5	2.0	6.0	5.0	8.5	8.0	5.75	6.5	15.0	22.5	24.5	16.75	28.0	82.0	176.5	261.0	301.0	358.75	576.0	814.75	1309.5	2012.75	2129.75	1864.5	1456.75	1066.0	629.25	372.75	254.0	183.75	138.5	101.5	82.75	63.25	42.75	18.75	8.5	5.5	2.5	1.0	0.75	0.25	0.25	0.75	0.75	0.75	0.0	0.25	0.0	0.25	0.0	0.0	0.25	0.0	0.25	0.0	0.0	0.0	0.0	0.0	0.0	0.0	0.0	0.0	0.0	0.0
SRR12183496_1	0.0	0.0	0.0	0.0	0.0	0.0	0.0	0.0	0.0	0.0	0.0	0.0	0.0	0.0	0.0	0.0	0.0	0.0	0.0	0.0	0.0	0.0	0.0	0.0	0.0	0.0	0.25	0.25	0.25	0.0	0.0	0.0	0.25	0.25	0.75	1.5	4.25	4.25	3.75	4.75	6.5	2.25	5.25	34.75	33.75	20.5	13.75	15.25	61.25	166.75	231.75	237.5	272.75	468.25	713.75	1150.5	1681.0	1736.5	1432.5	1164.0	811.75	433.25	250.25	181.75	122.75	85.0	73.5	64.0	45.0	29.25	14.25	5.25	3.25	2.25	1.25	0.75	0.0	0.0	0.0	0.0	0.0	0.0	0.0	0.0	0.0	0.0	0.0	0.0	0.0	0.0	0.0	0.0	0.0	0.0	0.0	0.0	0.0	0.0	0.0	0.0	0.0
SRR12183496_2	0.0	0.0	0.0	0.0	0.0	0.0	0.0	0.0	0.0	0.0	0.0	0.0	0.0	0.0	0.0	0.0	0.0	0.0	0.0	0.0	0.0	0.0	0.0	0.0	0.0	0.0	0.0	0.0	0.0	0.0	0.0	0.0	0.5	0.25	0.75	2.25	4.75	4.75	2.5	4.75	6.5	4.25	6.75	32.75	33.0	16.5	11.25	15.25	61.75	160.0	222.75	232.0	257.0	459.0	690.0	1106.5	1626.75	1727.0	1425.0	1183.25	852.5	477.25	275.0	186.75	134.0	99.5	70.75	62.0	50.75	29.25	16.0	10.5	3.5	2.25	1.5	0.75	0.5	0.25	0.0	0.0	0.0	0.0	0.0	0.0	0.0	0.25	0.0	0.0	0.0	0.0	0.0	0.0	0.0	0.0	0.0	0.0	0.5	0.25	0.0	0.0	0.0
SRR12183504_1	0.0	0.0	0.0	0.0	0.0	0.0	0.0	0.0	0.0	0.0	0.0	0.0	0.0	0.0	0.0	0.0	0.0	0.0	0.0	0.0	0.0	0.0	0.0	0.0	0.0	0.0	0.0	0.0	0.0	0.0	0.0	0.0	0.5	3.75	2.75	5.25	5.0	8.75	8.25	101.75	149.0	20.5	18.5	48.75	25.0	20.25	22.5	35.0	225.0	627.75	517.25	406.75	336.5	791.0	1421.0	1772.25	1775.5	1581.25	782.0	504.75	240.25	166.5	121.25	82.75	73.5	40.0	21.75	14.0	9.0	6.0	1.75	1.75	1.25	0.0	0.25	0.0	0.0	0.0	0.0	0.0	0.0	0.0	0.0	0.0	0.0	0.0	0.0	0.0	0.0	0.0	0.0	0.0	0.0	0.0	0.0	0.0	0.0	0.0	0.0	0.0	0.0
SRR12183504_2	0.0	0.0	0.0	0.0	0.0	0.0	0.0	0.0	0.0	0.0	0.0	0.0	0.0	0.0	0.0	0.0	0.0	0.0	0.0	0.0	0.0	0.0	0.0	0.0	0.0	0.0	0.0	0.0	0.0	0.0	0.0	0.25	1.0	4.25	5.0	3.25	4.75	9.5	16.75	107.5	125.25	23.75	28.75	51.0	22.75	19.75	21.25	36.0	215.0	592.0	516.75	399.5	343.25	748.25	1352.0	1710.5	1787.75	1595.5	820.25	529.75	280.5	176.75	133.75	90.5	78.5	56.25	29.0	18.25	13.5	8.0	4.0	1.5	1.0	0.5	0.75	0.5	0.25	0.5	0.0	0.0	0.0	0.0	0.0	0.0	0.0	0.0	0.0	0.0	0.0	0.0	0.0	0.0	0.0	0.0	0.0	0.0	0.0	0.0	0.0	0.25	0.3333333333333333
SRR12183505_1	0.0	0.0	0.0	0.0	0.0	0.0	0.0	0.0	0.0	0.0	0.0	0.0	0.0	0.0	0.0	0.0	0.0	0.0	0.0	0.0	0.0	0.0	0.0	0.0	0.0	0.0	0.0	0.0	0.5	0.5	0.25	0.5	0.0	0.0	0.0	0.25	0.75	0.75	2.25	3.5	4.5	4.75	7.25	13.5	12.0	9.75	12.25	37.5	60.0	135.25	198.75	209.0	237.0	448.75	768.25	1023.75	1359.25	1560.75	1301.25	915.25	599.25	341.5	188.75	120.75	75.75	42.5	30.0	21.75	17.75	8.25	6.75	2.0	1.0	0.5	0.25	0.0	0.0	0.0	0.0	0.0	0.0	0.0	0.0	0.0	0.0	0.0	0.0	0.0	0.0	0.0	0.0	0.0	0.0	0.0	0.0	0.0	0.0	0.0	0.0	0.0	0.0
SRR12183505_2	0.0	0.0	0.0	0.0	0.0	0.0	0.0	0.0	0.0	0.0	0.0	0.0	0.0	0.0	0.0	0.0	0.0	0.0	0.0	0.0	0.0	0.0	0.0	0.0	0.0	0.0	0.0	0.0	0.0	0.0	0.0	0.0	0.0	0.0	0.0	0.0	1.0	1.5	1.75	3.5	4.25	4.25	9.0	13.25	9.25	6.25	10.75	31.75	52.75	136.25	199.5	203.25	217.0	410.0	730.0	997.0	1329.25	1574.5	1335.5	933.5	605.25	355.0	207.75	122.25	82.5	51.0	36.75	22.25	17.0	9.0	6.75	3.5	1.75	0.75	0.25	1.0	0.25	0.25	0.25	0.0	0.25	0.0	0.0	0.0	0.0	0.0	0.0	0.25	0.0	0.0	0.0	0.0	0.0	0.0	0.0	0.0	0.0	0.0	0.0	0.0	0.0
SRR12183516_1	0.0	0.0	0.0	0.0	0.0	0.0	0.0	0.0	0.0	0.0	0.0	0.0	0.0	0.0	0.0	0.0	0.0	0.0	0.0	0.0	0.0	0.0	0.0	0.0	0.0	0.0	0.0	0.0	0.0	0.0	0.0	0.25	1.25	3.25	4.25	10.75	14.75	19.25	31.25	99.25	162.75	29.0	18.5	73.75	47.0	26.75	42.75	48.75	216.75	799.0	768.75	533.0	406.75	1117.25	2959.5	3623.75	2491.25	2220.0	879.25	391.5	206.0	129.0	104.75	82.0	57.0	28.0	13.25	6.75	5.5	4.0	2.25	1.75	2.0	1.0	1.0	0.0	0.25	0.0	0.0	0.0	0.0	0.0	0.0	0.0	0.0	0.0	0.0	0.0	0.0	0.0	0.0	0.0	0.0	0.0	0.0	0.0	0.0	0.0	0.0	0.0	0.0
SRR12183516_2	0.0	0.0	0.0	0.0	0.0	0.0	0.0	0.0	0.0	0.0	0.0	0.0	0.0	0.0	0.0	0.0	0.0	0.0	0.0	0.0	0.0	0.0	0.0	0.0	0.0	0.0	0.0	0.0	0.0	0.0	0.0	0.25	1.75	3.0	6.0	12.75	13.0	22.5	28.75	102.25	134.0	34.75	38.75	78.5	41.0	32.25	43.75	54.75	214.0	726.5	758.0	554.25	457.0	1056.0	2605.5	3377.5	2595.75	2240.5	1040.25	501.75	266.75	161.5	121.25	89.75	64.0	36.75	23.25	8.5	6.5	4.75	2.5	2.0	1.5	1.5	1.0	0.25	0.5	0.25	0.75	0.0	0.0	0.0	0.0	0.0	0.0	0.25	0.0	0.0	0.0	0.0	0.0	0.0	0.0	0.0	0.0	0.0	0.0	0.0	0.0	0.0	0.0
SRR12183527_1	0.0	0.0	0.0	0.0	0.0	0.0	0.0	0.0	0.0	0.0	0.0	0.0	0.0	0.0	0.0	0.0	0.0	0.0	0.0	0.0	0.0	0.0	0.0	0.0	0.0	0.0	0.0	0.0	0.0	0.0	0.0	0.0	1.25	3.75	1.5	5.25	7.75	19.0	23.5	30.75	34.5	13.25	22.5	54.0	28.75	22.5	57.0	51.5	237.75	804.25	671.25	513.25	453.0	1015.0	2099.75	2984.5	2602.0	2419.75	1162.0	752.75	433.25	291.0	223.25	163.5	136.25	85.25	49.75	41.0	19.0	9.75	2.75	2.0	1.75	1.75	0.25	0.25	0.25	0.25	0.25	0.0	0.0	0.0	0.0	0.0	0.0	0.0	0.0	0.0	0.0	0.0	0.0	0.0	0.0	0.0	0.0	0.0	0.0	0.0	0.0	0.0	0.0
SRR12183527_2	0.0	0.0	0.0	0.0	0.0	0.0	0.0	0.0	0.0	0.0	0.0	0.0	0.0	0.0	0.0	0.0	0.0	0.0	0.0	0.0	0.0	0.0	0.0	0.0	0.0	0.25	0.25	0.25	0.25	0.0	0.5	0.25	0.25	2.25	4.75	4.75	10.25	19.75	21.25	33.0	27.0	20.25	30.75	46.75	24.0	22.0	55.5	70.75	262.25	691.0	651.0	536.25	505.0	952.25	1865.0	2693.25	2509.0	2380.0	1393.25	852.5	555.75	344.5	245.5	191.5	156.5	116.0	81.25	49.25	31.5	20.0	11.25	6.75	4.75	3.25	2.25	1.0	0.5	0.25	0.5	0.25	0.0	0.5	0.0	0.0	0.0	0.0	0.25	0.0	0.0	0.0	0.0	0.0	0.0	0.0	0.0	0.0	0.0	0.0	0.0	0.0	0.0
SRR12183532_1	0.0	0.0	0.0	0.0	0.0	0.0	0.0	0.0	0.0	0.0	0.0	0.0	0.0	0.0	0.0	0.0	0.0	0.0	0.0	0.0	0.0	0.0	0.0	0.0	0.0	0.0	0.0	0.0	0.0	0.0	0.0	0.25	0.25	0.25	0.75	1.0	3.0	6.0	4.5	1.0	0.5	1.0	0.75	1.75	3.0	5.75	14.0	45.5	116.75	273.75	192.5	78.75	101.25	318.5	564.25	736.75	840.0	568.0	386.25	242.5	154.75	76.5	46.75	35.5	19.25	9.0	8.75	5.25	4.75	1.0	0.5	1.25	0.5	0.5	0.25	0.0	0.0	0.0	0.0	0.0	0.0	0.0	0.0	0.0	0.0	0.0	0.0	0.0	0.0	0.0	0.0	0.0	0.0	0.0	0.0	0.0	0.0	0.0	0.0	0.0	0.0
SRR12183532_2	0.0	0.0	0.0	0.0	0.0	0.0	0.0	0.0	0.0	0.0	0.0	0.0	0.0	0.0	0.0	0.0	0.0	0.0	0.0	0.0	0.0	0.0	0.0	0.0	0.0	0.0	0.0	0.0	0.0	0.0	0.0	0.25	0.5	1.0	0.5	0.25	2.75	7.0	4.0	0.75	0.25	1.25	0.75	3.25	2.5	8.25	12.25	45.0	108.75	258.0	198.0	81.0	105.0	294.75	541.25	728.0	822.25	576.0	405.0	258.75	161.5	97.5	50.5	35.5	21.5	17.0	10.0	8.25	5.0	2.5	1.5	0.75	1.5	0.25	0.25	0.0	0.0	0.0	0.0	0.0	0.0	0.0	0.0	0.0	0.0	0.0	0.0	0.0	0.0	0.0	0.0	0.0	0.0	0.0	0.0	0.0	0.0	0.0	0.0	0.0	0.0
SRR12183543_1	0.0	0.0	0.0	0.0	0.0	0.0	0.0	0.0	0.0	0.0	0.0	0.0	0.0	0.0	0.0	0.0	0.0	0.0	0.0	0.0	0.0	0.0	0.0	0.0	0.0	0.0	0.0	0.0	0.0	0.25	0.25	0.0	0.25	0.0	0.5	0.5	3.0	10.75	9.5	199.75	319.75	46.0	41.5	141.25	51.25	42.5	64.0	113.0	364.25	1152.5	1502.25	743.0	523.75	1339.25	1973.25	2886.25	3698.0	2629.0	1185.0	700.25	401.5	210.25	134.75	119.5	67.75	23.25	13.5	8.25	3.5	2.75	2.0	0.75	0.0	0.0	0.0	0.0	0.0	0.0	0.0	0.0	0.0	0.0	0.0	0.0	0.0	0.0	0.0	0.0	0.0	0.0	0.0	0.0	0.0	0.0	0.0	0.0	0.0	0.0	0.0	0.0	0.0
SRR12183543_2	0.0	0.0	0.0	0.0	0.0	0.0	0.0	0.0	0.0	0.0	0.0	0.0	0.0	0.0	0.0	0.0	0.0	0.0	0.0	0.0	0.0	0.0	0.0	0.0	0.0	0.0	0.0	0.0	0.0	0.25	0.25	0.25	0.0	0.0	0.75	1.0	5.25	12.5	13.75	182.5	247.0	63.5	74.75	146.5	55.75	48.25	67.0	114.25	363.5	1062.0	1434.0	817.0	582.0	1246.0	1925.25	2772.5	3487.25	2682.75	1355.0	788.0	461.25	260.5	166.75	124.0	71.75	33.25	16.75	7.0	4.5	1.5	1.0	0.75	0.25	0.0	0.0	0.0	0.0	0.0	0.0	0.25	0.0	0.0	0.25	0.0	0.5	0.0	0.0	0.0	0.0	0.0	0.0	0.0	0.0	0.0	0.0	0.0	0.0	0.0	0.0	0.0	0.0
SRR12183554_1	0.0	0.0	0.0	0.0	0.0	0.0	0.0	0.0	0.0	0.0	0.0	0.0	0.0	0.0	0.0	0.0	0.0	0.0	0.0	0.0	0.0	0.0	0.0	0.0	0.0	0.0	0.0	0.0	0.0	0.0	0.0	0.0	0.5	1.5	3.25	2.75	7.0	30.5	25.25	139.75	233.25	36.75	24.75	62.0	32.0	58.75	141.5	118.25	329.5	1206.75	1302.0	695.0	561.0	1186.0	1608.25	2429.0	3470.75	2872.5	1040.5	677.5	390.0	212.5	170.5	117.5	48.5	24.5	14.25	8.25	3.75	2.25	1.25	1.0	0.5	0.0	0.0	0.25	0.0	0.0	0.0	0.0	0.0	0.0	0.0	0.0	0.0	0.0	0.0	0.0	0.0	0.0	0.0	0.0	0.0	0.0	0.0	0.0	0.0	0.0	0.0	0.0	0.0
SRR12183554_2	0.0	0.0	0.0	0.0	0.0	0.0	0.0	0.0	0.0	0.0	0.0	0.0	0.0	0.0	0.0	0.0	0.0	0.0	0.0	0.0	0.0	0.0	0.0	0.0	0.0	0.0	0.0	0.0	0.0	0.0	0.25	0.0	1.5	1.5	1.5	3.25	9.75	32.75	32.75	134.25	190.75	41.25	42.0	69.25	35.75	69.25	128.0	124.25	340.5	1114.0	1259.0	749.5	613.5	1122.0	1589.25	2313.25	3221.5	2884.25	1254.5	744.75	459.5	244.75	178.75	141.5	73.5	37.0	14.5	10.5	7.25	1.25	1.0	0.75	0.25	0.75	0.25	0.5	0.0	0.0	0.0	0.25	0.25	0.0	0.0	0.25	0.0	0.0	0.0	0.25	0.0	0.0	0.25	0.0	0.0	0.0	0.0	0.25	0.0	0.0	0.0	0.0	0.0
SRR12183559_1	0.0	0.0	0.0	0.0	0.0	0.0	0.0	0.0	0.0	0.0	0.0	0.0	0.0	0.0	0.0	0.0	0.0	0.0	0.0	0.0	0.0	0.0	0.0	0.25	0.25	0.0	0.0	0.0	0.0	0.25	0.0	0.5	0.25	0.25	0.0	0.0	0.0	0.25	8.25	11.0	4.0	4.0	12.75	10.5	6.5	3.75	11.75	171.0	235.25	365.5	365.75	195.25	415.0	974.75	2435.75	2685.0	1734.5	1300.75	1202.25	456.0	117.5	47.5	28.0	29.5	14.25	7.5	12.5	54.25	28.25	8.25	3.5	1.5	0.5	0.75	0.25	0.0	0.0	0.0	0.0	0.0	0.0	0.0	0.0	0.0	0.0	0.0	0.0	0.0	0.0	0.0	0.0	0.0	0.0	0.0	0.0	0.0	0.0	0.0	0.0	0.0	0.0
SRR12183559_2	0.0	0.0	0.0	0.0	0.0	0.0	0.0	0.0	0.0	0.0	0.0	0.0	0.0	0.0	0.0	0.0	0.0	0.0	0.0	0.0	0.0	0.0	0.0	0.0	0.0	0.0	0.0	0.5	0.0	0.25	0.25	0.0	0.0	0.0	0.0	0.0	0.25	1.0	10.75	9.5	3.25	4.5	14.75	9.0	3.0	4.0	12.75	164.0	249.75	381.75	358.25	203.75	397.25	997.25	2220.75	2636.0	1809.75	1327.75	1214.25	563.0	163.5	52.0	26.25	46.75	59.75	28.5	15.5	10.0	3.25	1.5	1.0	0.0	0.5	0.5	0.0	0.5	0.25	0.0	0.0	0.0	0.25	0.25	0.0	0.0	0.0	0.0	0.0	0.25	0.0	0.0	0.0	0.0	0.0	0.0	0.0	0.0	0.25	0.25	0.0	0.0	0.0
SRR12183560_1	0.0	0.0	0.0	0.0	0.0	0.0	0.0	0.0	0.0	0.0	0.0	0.0	0.0	0.0	0.0	0.0	0.0	0.0	0.0	0.0	0.0	0.0	0.0	0.0	0.0	0.0	0.0	0.0	0.0	0.0	0.0	0.0	0.5	0.75	0.5	0.0	2.0	3.0	6.0	9.5	8.0	8.0	10.5	19.0	10.0	9.75	16.0	47.0	96.75	226.75	336.0	336.5	349.25	669.0	1264.0	1819.0	2535.75	2801.0	2347.25	1645.25	944.0	516.75	294.0	197.5	108.75	78.5	66.5	52.75	25.25	12.75	6.25	3.0	1.25	0.5	0.5	0.0	0.0	0.0	0.0	0.0	0.0	0.0	0.0	0.0	0.0	0.0	0.0	0.0	0.0	0.0	0.0	0.0	0.0	0.0	0.0	0.0	0.0	0.0	0.0	0.0	0.0
SRR12183560_2	0.0	0.0	0.0	0.0	0.0	0.0	0.0	0.0	0.0	0.0	0.0	0.0	0.0	0.0	0.0	0.0	0.0	0.0	0.0	0.0	0.0	0.0	0.0	0.0	0.0	0.0	0.0	0.0	0.0	0.0	0.0	0.0	0.5	0.25	0.5	0.25	1.0	4.5	7.5	7.0	7.5	9.25	13.5	17.0	8.75	8.0	16.0	47.0	96.5	214.25	316.0	331.75	346.5	623.25	1150.5	1707.25	2343.5	2685.0	2368.5	1763.75	1082.75	640.75	369.0	239.75	140.25	94.25	59.75	52.75	38.5	22.75	12.0	6.0	2.0	2.25	1.0	0.75	0.0	0.25	0.25	0.0	0.25	0.0	0.0	0.25	0.25	0.0	0.0	0.0	0.0	0.0	0.0	0.0	0.0	0.0	0.0	0.0	0.0	0.0	0.0	0.0	0.0
SRR12183561_1	0.0	0.0	0.0	0.0	0.0	0.0	0.0	0.0	0.0	0.0	0.0	0.0	0.0	0.0	0.0	0.0	0.0	0.0	0.0	0.0	0.0	0.0	0.0	0.0	0.0	0.0	0.0	0.0	0.0	0.0	0.0	0.0	0.0	0.25	1.0	1.0	0.25	1.25	4.5	6.25	3.25	4.0	9.25	12.5	10.0	10.0	9.5	27.75	79.75	173.75	229.0	226.0	264.0	515.0	952.25	1382.0	1929.5	2173.5	1740.0	1245.75	799.75	431.75	211.5	136.75	84.5	66.25	51.0	39.0	25.25	13.75	5.75	2.5	1.25	0.75	1.0	0.0	0.0	0.0	0.0	0.0	0.0	0.0	0.0	0.0	0.0	0.0	0.0	0.0	0.0	0.0	0.0	0.0	0.0	0.0	0.0	0.0	0.0	0.0	0.0	0.0	0.0
SRR12183561_2	0.0	0.0	0.0	0.0	0.0	0.0	0.0	0.0	0.0	0.0	0.0	0.0	0.0	0.0	0.0	0.0	0.0	0.0	0.0	0.0	0.0	0.0	0.0	0.0	0.0	0.0	0.0	0.0	0.0	0.0	0.0	0.0	0.25	0.25	0.75	0.75	0.5	1.5	5.0	4.75	5.75	5.75	9.0	10.5	9.25	8.5	11.25	27.75	72.75	161.25	222.0	236.0	267.25	480.25	898.75	1328.5	1803.75	2026.75	1771.25	1303.25	877.75	540.5	276.75	172.75	114.5	72.0	60.25	48.0	31.75	18.0	9.75	6.25	3.25	1.0	0.5	0.25	0.25	0.0	0.0	0.0	0.25	0.0	0.0	0.0	0.0	0.0	0.0	0.0	0.0	0.0	0.0	0.0	0.25	0.0	0.0	0.0	0.0	0.0	0.0	0.0	0.0
