	17.0	18.0	19.0	20.0	21.0	22.0	23.0	24.0	25.0	26.0	27.0	28.0	29.0	30.0	31.0	32.0	33.0	34.0	35.0	36.0	37.0
SRR12183139_1	3.0	10.0	24.0	67.0	91.0	127.0	146.0	164.0	209.0	238.0	283.0	364.0	525.0	852.0	1169.0	1543.0	2156.0	2922.0	4562.0	8221.0	15418.0
	11.0	12.0	13.0	14.0	15.0	16.0	17.0	18.0	19.0	20.0	21.0	22.0	23.0	24.0	25.0	26.0	27.0	28.0	29.0	30.0	31.0	32.0	33.0	34.0	35.0	36.0	37.0
SRR12183139_2	4.0	8.0	11.0	10.0	15.0	26.0	67.0	66.0	86.0	116.0	164.0	209.0	304.0	413.0	547.0	720.0	1036.0	1453.0	1940.0	2385.0	3181.0	4181.0	5435.0	7518.0	7252.0	1943.0	4.0
	16.0	17.0	18.0	19.0	20.0	21.0	22.0	23.0	24.0	25.0	26.0	27.0	28.0	29.0	30.0	31.0	32.0	33.0	34.0	35.0	36.0	37.0
SRR12183147_1	1.0	2.0	15.0	29.0	51.0	52.0	77.0	109.0	102.0	157.0	180.0	202.0	224.0	393.0	485.0	758.0	1093.0	1530.0	2288.0	3447.0	6623.0	13683.0
	12.0	13.0	14.0	15.0	16.0	17.0	18.0	19.0	20.0	21.0	22.0	23.0	24.0	25.0	26.0	27.0	28.0	29.0	30.0	31.0	32.0	33.0	34.0	35.0	36.0	37.0
SRR12183147_2	2.0	11.0	15.0	13.0	32.0	48.0	74.0	79.0	89.0	104.0	142.0	227.0	329.0	394.0	577.0	721.0	1061.0	1415.0	1881.0	2401.0	3225.0	4558.0	6209.0	6182.0	1706.0	6.0
	15.0	16.0	17.0	18.0	19.0	20.0	21.0	22.0	23.0	24.0	25.0	26.0	27.0	28.0	29.0	30.0	31.0	32.0	33.0	34.0	35.0	36.0	37.0
SRR12183158_1	1.0	2.0	4.0	8.0	19.0	45.0	78.0	107.0	112.0	160.0	173.0	216.0	245.0	339.0	418.0	658.0	976.0	1353.0	1859.0	2719.0	4267.0	7924.0	15757.0
	11.0	12.0	13.0	14.0	15.0	16.0	17.0	18.0	19.0	20.0	21.0	22.0	23.0	24.0	25.0	26.0	27.0	28.0	29.0	30.0	31.0	32.0	33.0	34.0	35.0	36.0	37.0
SRR12183158_2	1.0	7.0	16.0	18.0	12.0	36.0	53.0	65.0	76.0	109.0	132.0	181.0	312.0	402.0	524.0	680.0	989.0	1285.0	1826.0	2296.0	3035.0	4073.0	5582.0	7279.0	6917.0	1530.0	4.0
	17.0	18.0	19.0	20.0	21.0	22.0	23.0	24.0	25.0	26.0	27.0	28.0	29.0	30.0	31.0	32.0	33.0	34.0	35.0	36.0	37.0
SRR12183176_1	1.0	8.0	13.0	32.0	83.0	118.0	166.0	147.0	237.0	286.0	378.0	446.0	602.0	821.0	1109.0	1561.0	2134.0	2860.0	4367.0	7758.0	10978.0
	12.0	13.0	14.0	15.0	16.0	17.0	18.0	19.0	20.0	21.0	22.0	23.0	24.0	25.0	26.0	27.0	28.0	29.0	30.0	31.0	32.0	33.0	34.0	35.0	36.0
SRR12183176_2	3.0	11.0	8.0	17.0	36.0	46.0	79.0	101.0	197.0	316.0	413.0	485.0	631.0	755.0	935.0	1261.0	1659.0	2090.0	2490.0	3192.0	4164.0	5153.0	6027.0	3643.0	393.0
	17.0	18.0	19.0	20.0	21.0	22.0	23.0	24.0	25.0	26.0	27.0	28.0	29.0	30.0	31.0	32.0	33.0	34.0	35.0	36.0	37.0
SRR12183187_1	1.0	3.0	22.0	44.0	79.0	87.0	156.0	180.0	217.0	268.0	380.0	409.0	579.0	691.0	917.0	1275.0	1614.0	2356.0	3471.0	5949.0	6958.0
	12.0	13.0	14.0	15.0	16.0	17.0	18.0	19.0	20.0	21.0	22.0	23.0	24.0	25.0	26.0	27.0	28.0	29.0	30.0	31.0	32.0	33.0	34.0	35.0	36.0
SRR12183187_2	1.0	7.0	8.0	14.0	39.0	31.0	50.0	88.0	180.0	297.0	347.0	411.0	531.0	608.0	728.0	960.0	1280.0	1581.0	1881.0	2488.0	3002.0	4073.0	4428.0	2416.0	207.0
	16.0	17.0	18.0	19.0	20.0	21.0	22.0	23.0	24.0	25.0	26.0	27.0	28.0	29.0	30.0	31.0	32.0	33.0	34.0	35.0	36.0	37.0
SRR12183204_1	1.0	4.0	6.0	17.0	34.0	67.0	96.0	121.0	156.0	170.0	219.0	220.0	292.0	429.0	637.0	912.0	1225.0	1560.0	2267.0	3358.0	5774.0	7193.0
	11.0	12.0	13.0	14.0	15.0	16.0	17.0	18.0	19.0	20.0	21.0	22.0	23.0	24.0	25.0	26.0	27.0	28.0	29.0	30.0	31.0	32.0	33.0	34.0	35.0	36.0
SRR12183204_2	1.0	3.0	5.0	6.0	12.0	24.0	34.0	53.0	79.0	93.0	142.0	175.0	261.0	390.0	526.0	665.0	923.0	1152.0	1595.0	2010.0	2432.0	3191.0	3973.0	4264.0	2508.0	241.0
	15.0	16.0	17.0	18.0	19.0	20.0	21.0	22.0	23.0	24.0	25.0	26.0	27.0	28.0	29.0	30.0	31.0	32.0	33.0	34.0	35.0	36.0	37.0
SRR12183215_1	1.0	1.0	8.0	18.0	37.0	80.0	95.0	132.0	159.0	186.0	244.0	248.0	320.0	414.0	607.0	833.0	1153.0	1509.0	2025.0	2773.0	4095.0	6227.0	4773.0
	12.0	13.0	14.0	15.0	16.0	17.0	18.0	19.0	20.0	21.0	22.0	23.0	24.0	25.0	26.0	27.0	28.0	29.0	30.0	31.0	32.0	33.0	34.0	35.0	36.0
SRR12183215_2	6.0	8.0	4.0	11.0	24.0	31.0	51.0	55.0	87.0	133.0	151.0	253.0	274.0	354.0	456.0	687.0	867.0	1183.0	1634.0	2147.0	3018.0	4191.0	5430.0	4278.0	605.0
	15.0	16.0	17.0	18.0	19.0	20.0	21.0	22.0	23.0	24.0	25.0	26.0	27.0	28.0	29.0	30.0	31.0	32.0	33.0	34.0	35.0	36.0	37.0
SRR12183228_1	1.0	6.0	18.0	28.0	51.0	91.0	154.0	205.0	256.0	285.0	326.0	380.0	495.0	687.0	867.0	1288.0	1754.0	2398.0	3147.0	4205.0	6373.0	11297.0	18847.0
	11.0	12.0	13.0	14.0	15.0	16.0	17.0	18.0	19.0	20.0	21.0	22.0	23.0	24.0	25.0	26.0	27.0	28.0	29.0	30.0	31.0	32.0	33.0	34.0	35.0	36.0	37.0
SRR12183228_2	3.0	12.0	43.0	30.0	42.0	74.0	107.0	144.0	208.0	221.0	254.0	333.0	529.0	747.0	1047.0	1314.0	1763.0	2328.0	3024.0	3750.0	4700.0	5914.0	7680.0	9544.0	7835.0	1512.0	1.0
	16.0	17.0	18.0	19.0	20.0	21.0	22.0	23.0	24.0	25.0	26.0	27.0	28.0	29.0	30.0	31.0	32.0	33.0	34.0	35.0	36.0	37.0
SRR12183238_1	1.0	0.0	3.0	6.0	21.0	15.0	5.0	9.0	15.0	6.0	16.0	16.0	26.0	43.0	51.0	54.0	52.0	43.0	28.0	23.0	16.0	5.0
	13.0	14.0	15.0	16.0	17.0	18.0	19.0	20.0	21.0	22.0	23.0	24.0	25.0	26.0	27.0	28.0	29.0	30.0	31.0	32.0	33.0	34.0	35.0
SRR12183238_2	2.0	3.0	3.0	4.0	10.0	9.0	10.0	12.0	7.0	18.0	22.0	22.0	27.0	33.0	41.0	52.0	72.0	33.0	23.0	17.0	20.0	6.0	8.0
	16.0	17.0	18.0	19.0	20.0	21.0	22.0	23.0	24.0	25.0	26.0	27.0	28.0	29.0	30.0	31.0	32.0	33.0	34.0	35.0	36.0	37.0
SRR12183239_1	1.0	4.0	10.0	28.0	70.0	111.0	140.0	213.0	211.0	266.0	300.0	387.0	473.0	672.0	944.0	1360.0	1793.0	2485.0	3245.0	4975.0	9080.0	15432.0
	11.0	12.0	13.0	14.0	15.0	16.0	17.0	18.0	19.0	20.0	21.0	22.0	23.0	24.0	25.0	26.0	27.0	28.0	29.0	30.0	31.0	32.0	33.0	34.0	35.0	36.0	37.0
SRR12183239_2	3.0	6.0	15.0	12.0	27.0	49.0	63.0	88.0	121.0	185.0	204.0	248.0	394.0	632.0	831.0	1084.0	1371.0	1983.0	2386.0	3082.0	3898.0	4883.0	6422.0	7647.0	5671.0	894.0	1.0
	18.0	19.0	20.0	21.0	22.0	23.0	24.0	25.0	26.0	27.0	28.0	29.0	30.0	31.0	32.0	33.0	34.0	35.0	36.0	37.0
SRR12183240_1	5.0	7.0	41.0	16.0	11.0	11.0	10.0	16.0	12.0	13.0	8.0	13.0	10.0	13.0	16.0	27.0	39.0	54.0	98.0	117.0
	11.0	12.0	13.0	14.0	15.0	16.0	17.0	18.0	19.0	20.0	21.0	22.0	23.0	24.0	25.0	26.0	27.0	28.0	29.0	30.0	31.0	32.0	33.0	34.0	35.0	36.0
SRR12183240_2	1.0	1.0	0.0	0.0	2.0	7.0	10.0	15.0	46.0	24.0	11.0	19.0	9.0	4.0	11.0	7.0	14.0	24.0	20.0	42.0	37.0	58.0	60.0	73.0	38.0	4.0
	18.0	19.0	20.0	21.0	22.0	23.0	24.0	25.0	26.0	27.0	28.0	29.0	30.0	31.0	32.0	33.0	34.0	35.0	36.0	37.0
SRR12183241_1	4.0	10.0	19.0	30.0	21.0	19.0	13.0	10.0	12.0	19.0	21.0	29.0	45.0	40.0	64.0	82.0	86.0	124.0	203.0	147.0
	11.0	12.0	13.0	14.0	15.0	16.0	17.0	18.0	19.0	20.0	21.0	22.0	23.0	24.0	25.0	26.0	27.0	28.0	29.0	30.0	31.0	32.0	33.0	34.0	35.0	36.0
SRR12183241_2	1.0	2.0	0.0	2.0	2.0	3.0	8.0	5.0	14.0	20.0	22.0	23.0	15.0	16.0	26.0	27.0	32.0	48.0	56.0	60.0	77.0	101.0	136.0	144.0	136.0	22.0
	17.0	18.0	19.0	20.0	21.0	22.0	23.0	24.0	25.0	26.0	27.0	28.0	29.0	30.0	31.0	32.0	33.0	34.0	35.0	36.0	37.0
SRR12183242_1	2.0	6.0	9.0	39.0	29.0	25.0	21.0	12.0	7.0	8.0	6.0	7.0	4.0	10.0	10.0	9.0	30.0	23.0	31.0	54.0	103.0
	12.0	13.0	14.0	15.0	16.0	17.0	18.0	19.0	20.0	21.0	22.0	23.0	24.0	25.0	26.0	27.0	28.0	29.0	30.0	31.0	32.0	33.0	34.0	35.0	36.0
SRR12183242_2	2.0	1.0	0.0	1.0	4.0	7.0	20.0	36.0	48.0	24.0	15.0	6.0	7.0	8.0	6.0	11.0	19.0	18.0	15.0	28.0	36.0	46.0	39.0	39.0	9.0
	15.0	16.0	17.0	18.0	19.0	20.0	21.0	22.0	23.0	24.0	25.0	26.0	27.0	28.0	29.0	30.0	31.0	32.0	33.0	34.0	35.0	36.0	37.0
SRR12183243_1	1.0	0.0	2.0	9.0	8.0	36.0	22.0	26.0	16.0	13.0	6.0	13.0	13.0	10.0	14.0	18.0	23.0	34.0	37.0	39.0	48.0	107.0	115.0
	12.0	13.0	14.0	15.0	16.0	17.0	18.0	19.0	20.0	21.0	22.0	23.0	24.0	25.0	26.0	27.0	28.0	29.0	30.0	31.0	32.0	33.0	34.0	35.0	36.0
SRR12183243_2	3.0	3.0	4.0	2.0	3.0	9.0	11.0	37.0	33.0	13.0	15.0	11.0	13.0	16.0	12.0	25.0	15.0	37.0	43.0	49.0	55.0	66.0	77.0	54.0	4.0
	17.0	18.0	19.0	20.0	21.0	22.0	23.0	24.0	25.0	26.0	27.0	28.0	29.0	30.0	31.0	32.0	33.0	34.0	35.0	36.0	37.0
SRR12183244_1	6.0	13.0	59.0	167.0	88.0	73.0	73.0	42.0	35.0	32.0	20.0	22.0	22.0	33.0	46.0	51.0	64.0	80.0	97.0	182.0	340.0
	11.0	12.0	13.0	14.0	15.0	16.0	17.0	18.0	19.0	20.0	21.0	22.0	23.0	24.0	25.0	26.0	27.0	28.0	29.0	30.0	31.0	32.0	33.0	34.0	35.0	36.0
SRR12183244_2	3.0	4.0	4.0	4.0	13.0	20.0	38.0	100.0	165.0	88.0	86.0	67.0	29.0	25.0	19.0	25.0	46.0	57.0	81.0	63.0	88.0	111.0	128.0	145.0	119.0	17.0
	16.0	17.0	18.0	19.0	20.0	21.0	22.0	23.0	24.0	25.0	26.0	27.0	28.0	29.0	30.0	31.0	32.0	33.0	34.0	35.0	36.0	37.0
SRR12183245_1	1.0	0.0	5.0	9.0	38.0	17.0	17.0	13.0	10.0	7.0	10.0	9.0	7.0	13.0	11.0	19.0	23.0	37.0	44.0	64.0	107.0	183.0
	12.0	13.0	14.0	15.0	16.0	17.0	18.0	19.0	20.0	21.0	22.0	23.0	24.0	25.0	26.0	27.0	28.0	29.0	30.0	31.0	32.0	33.0	34.0	35.0	36.0
SRR12183245_2	1.0	0.0	1.0	1.0	8.0	6.0	26.0	31.0	21.0	9.0	11.0	11.0	13.0	11.0	16.0	28.0	28.0	35.0	41.0	44.0	57.0	66.0	98.0	70.0	11.0
	17.0	18.0	19.0	20.0	21.0	22.0	23.0	24.0	25.0	26.0	27.0	28.0	29.0	30.0	31.0	32.0	33.0	34.0	35.0	36.0	37.0
SRR12183250_1	1.0	1.0	1.0	12.0	7.0	3.0	4.0	2.0	3.0	3.0	1.0	4.0	8.0	10.0	9.0	9.0	7.0	7.0	8.0	16.0	35.0
	14.0	15.0	16.0	17.0	18.0	19.0	20.0	21.0	22.0	23.0	24.0	25.0	26.0	27.0	28.0	29.0	30.0	31.0	32.0	33.0	34.0	35.0	36.0
SRR12183250_2	2.0	1.0	1.0	2.0	3.0	8.0	12.0	7.0	7.0	6.0	5.0	5.0	6.0	3.0	5.0	10.0	11.0	9.0	9.0	7.0	16.0	15.0	1.0
	17.0	18.0	19.0	20.0	21.0	22.0	23.0	24.0	25.0	26.0	27.0	28.0	29.0	30.0	31.0	32.0	33.0	34.0	35.0	36.0	37.0
SRR12183259_1	11.0	24.0	49.0	100.0	160.0	192.0	253.0	272.0	316.0	416.0	484.0	610.0	791.0	1171.0	1689.0	2286.0	3055.0	4302.0	6501.0	11580.0	18716.0
	12.0	13.0	14.0	15.0	16.0	17.0	18.0	19.0	20.0	21.0	22.0	23.0	24.0	25.0	26.0	27.0	28.0	29.0	30.0	31.0	32.0	33.0	34.0	35.0	36.0	37.0
SRR12183259_2	9.0	27.0	15.0	31.0	58.0	114.0	118.0	174.0	195.0	249.0	286.0	477.0	697.0	847.0	1097.0	1466.0	1955.0	2691.0	3300.0	4234.0	5713.0	7504.0	10000.0	9560.0	2154.0	7.0
	15.0	16.0	17.0	18.0	19.0	20.0	21.0	22.0	23.0	24.0	25.0	26.0	27.0	28.0	29.0	30.0	31.0	32.0	33.0	34.0	35.0	36.0	37.0
SRR12183269_1	1.0	0.0	2.0	13.0	22.0	66.0	96.0	111.0	163.0	168.0	235.0	267.0	325.0	431.0	567.0	865.0	1252.0	1720.0	2328.0	3226.0	4916.0	8467.0	11061.0
	12.0	13.0	14.0	15.0	16.0	17.0	18.0	19.0	20.0	21.0	22.0	23.0	24.0	25.0	26.0	27.0	28.0	29.0	30.0	31.0	32.0	33.0	34.0	35.0	36.0
SRR12183269_2	5.0	12.0	10.0	21.0	37.0	60.0	78.0	107.0	123.0	183.0	220.0	355.0	465.0	663.0	831.0	1123.0	1576.0	2054.0	2667.0	3506.0	4503.0	5809.0	6828.0	4451.0	615.0
	15.0	16.0	17.0	18.0	19.0	20.0	21.0	22.0	23.0	24.0	25.0	26.0	27.0	28.0	29.0	30.0	31.0	32.0	33.0	34.0	35.0	36.0	37.0
SRR12183285_1	2.0	5.0	17.0	40.0	78.0	202.0	288.0	290.0	350.0	417.0	421.0	576.0	811.0	1050.0	1513.0	2144.0	2929.0	3641.0	4837.0	6526.0	9411.0	13786.0	10296.0
	10.0	11.0	12.0	13.0	14.0	15.0	16.0	17.0	18.0	19.0	20.0	21.0	22.0	23.0	24.0	25.0	26.0	27.0	28.0	29.0	30.0	31.0	32.0	33.0	34.0	35.0	36.0	37.0
SRR12183285_2	1.0	4.0	33.0	40.0	28.0	35.0	92.0	84.0	125.0	130.0	175.0	206.0	263.0	398.0	550.0	777.0	1041.0	1398.0	1954.0	2635.0	3491.0	4710.0	6602.0	9301.0	12537.0	11093.0	1925.0	2.0
	17.0	18.0	19.0	20.0	21.0	22.0	23.0	24.0	25.0	26.0	27.0	28.0	29.0	30.0	31.0	32.0	33.0	34.0	35.0	36.0	37.0
SRR12183296_1	1.0	5.0	27.0	54.0	74.0	122.0	159.0	211.0	189.0	253.0	281.0	392.0	550.0	776.0	1182.0	1616.0	2197.0	3010.0	4482.0	8071.0	13607.0
	11.0	12.0	13.0	14.0	15.0	16.0	17.0	18.0	19.0	20.0	21.0	22.0	23.0	24.0	25.0	26.0	27.0	28.0	29.0	30.0	31.0	32.0	33.0	34.0	35.0	36.0	37.0
SRR12183296_2	3.0	3.0	9.0	11.0	14.0	33.0	35.0	59.0	98.0	109.0	123.0	192.0	302.0	427.0	548.0	740.0	1026.0	1419.0	1877.0	2473.0	3158.0	4206.0	5541.0	7064.0	6283.0	1504.0	2.0
	17.0	18.0	19.0	20.0	21.0	22.0	23.0	24.0	25.0	26.0	27.0	28.0	29.0	30.0	31.0	32.0	33.0	34.0	35.0	36.0	37.0
SRR12183309_1	3.0	9.0	25.0	35.0	62.0	73.0	106.0	146.0	194.0	263.0	283.0	381.0	491.0	642.0	878.0	1137.0	1594.0	2136.0	3239.0	5809.0	8334.0
	11.0	12.0	13.0	14.0	15.0	16.0	17.0	18.0	19.0	20.0	21.0	22.0	23.0	24.0	25.0	26.0	27.0	28.0	29.0	30.0	31.0	32.0	33.0	34.0	35.0	36.0
SRR12183309_2	1.0	1.0	9.0	7.0	8.0	38.0	49.0	62.0	84.0	156.0	267.0	316.0	342.0	524.0	602.0	791.0	939.0	1191.0	1505.0	1993.0	2294.0	2869.0	3619.0	4533.0	3275.0	365.0
	15.0	16.0	17.0	18.0	19.0	20.0	21.0	22.0	23.0	24.0	25.0	26.0	27.0	28.0	29.0	30.0	31.0	32.0	33.0	34.0	35.0	36.0	37.0
SRR12183310_1	2.0	0.0	2.0	15.0	20.0	43.0	63.0	98.0	136.0	174.0	176.0	258.0	281.0	340.0	486.0	728.0	951.0	1345.0	1747.0	2525.0	3765.0	6592.0	10168.0
	11.0	12.0	13.0	14.0	15.0	16.0	17.0	18.0	19.0	20.0	21.0	22.0	23.0	24.0	25.0	26.0	27.0	28.0	29.0	30.0	31.0	32.0	33.0	34.0	35.0	36.0
SRR12183310_2	1.0	5.0	5.0	6.0	8.0	22.0	32.0	64.0	68.0	102.0	133.0	195.0	255.0	449.0	626.0	748.0	1076.0	1361.0	1763.0	2319.0	2796.0	3681.0	4632.0	5441.0	3635.0	492.0
	16.0	17.0	18.0	19.0	20.0	21.0	22.0	23.0	24.0	25.0	26.0	27.0	28.0	29.0	30.0	31.0	32.0	33.0	34.0	35.0	36.0	37.0
SRR12183321_1	1.0	0.0	7.0	16.0	37.0	51.0	98.0	130.0	168.0	214.0	269.0	309.0	391.0	488.0	668.0	916.0	1309.0	1780.0	2537.0	3717.0	6733.0	10286.0
	12.0	13.0	14.0	15.0	16.0	17.0	18.0	19.0	20.0	21.0	22.0	23.0	24.0	25.0	26.0	27.0	28.0	29.0	30.0	31.0	32.0	33.0	34.0	35.0	36.0
SRR12183321_2	1.0	6.0	8.0	20.0	23.0	51.0	59.0	108.0	179.0	233.0	300.0	415.0	586.0	743.0	870.0	1104.0	1416.0	1774.0	2215.0	2774.0	3549.0	4499.0	5383.0	3448.0	361.0
	15.0	16.0	17.0	18.0	19.0	20.0	21.0	22.0	23.0	24.0	25.0	26.0	27.0	28.0	29.0	30.0	31.0	32.0	33.0	34.0	35.0	36.0	37.0
SRR12183332_1	1.0	0.0	5.0	11.0	26.0	44.0	61.0	94.0	139.0	145.0	176.0	196.0	237.0	302.0	434.0	576.0	867.0	1227.0	1567.0	2187.0	3297.0	5725.0	7451.0
	12.0	13.0	14.0	15.0	16.0	17.0	18.0	19.0	20.0	21.0	22.0	23.0	24.0	25.0	26.0	27.0	28.0	29.0	30.0	31.0	32.0	33.0	34.0	35.0	36.0
SRR12183332_2	2.0	4.0	6.0	9.0	20.0	35.0	55.0	75.0	120.0	178.0	201.0	287.0	377.0	454.0	667.0	946.0	1164.0	1502.0	1964.0	2518.0	3172.0	3921.0	4356.0	2469.0	266.0
	17.0	18.0	19.0	20.0	21.0	22.0	23.0	24.0	25.0	26.0	27.0	28.0	29.0	30.0	31.0	32.0	33.0	34.0	35.0	36.0	37.0
SRR12183337_1	2.0	6.0	11.0	27.0	61.0	93.0	102.0	124.0	161.0	218.0	257.0	333.0	407.0	523.0	654.0	923.0	1208.0	1722.0	2703.0	4634.0	6705.0
	13.0	14.0	15.0	16.0	17.0	18.0	19.0	20.0	21.0	22.0	23.0	24.0	25.0	26.0	27.0	28.0	29.0	30.0	31.0	32.0	33.0	34.0	35.0	36.0
SRR12183337_2	6.0	2.0	8.0	16.0	35.0	49.0	62.0	157.0	250.0	302.0	329.0	429.0	516.0	618.0	707.0	899.0	1171.0	1403.0	1862.0	2240.0	2965.0	3801.0	2786.0	261.0
	16.0	17.0	18.0	19.0	20.0	21.0	22.0	23.0	24.0	25.0	26.0	27.0	28.0	29.0	30.0	31.0	32.0	33.0	34.0	35.0	36.0	37.0
SRR12183348_1	1.0	1.0	8.0	15.0	34.0	51.0	64.0	104.0	138.0	176.0	190.0	252.0	304.0	453.0	555.0	822.0	1098.0	1471.0	2062.0	2986.0	4708.0	4958.0
	12.0	13.0	14.0	15.0	16.0	17.0	18.0	19.0	20.0	21.0	22.0	23.0	24.0	25.0	26.0	27.0	28.0	29.0	30.0	31.0	32.0	33.0	34.0	35.0	36.0
SRR12183348_2	4.0	6.0	7.0	7.0	19.0	36.0	48.0	82.0	135.0	183.0	213.0	338.0	409.0	568.0	685.0	927.0	1262.0	1546.0	1910.0	2244.0	2670.0	3257.0	2763.0	1078.0	54.0
	15.0	16.0	17.0	18.0	19.0	20.0	21.0	22.0	23.0	24.0	25.0	26.0	27.0	28.0	29.0	30.0	31.0	32.0	33.0	34.0	35.0	36.0	37.0
SRR12183359_1	2.0	0.0	6.0	12.0	28.0	57.0	78.0	94.0	94.0	143.0	156.0	209.0	218.0	301.0	414.0	546.0	734.0	1093.0	1462.0	2080.0	3066.0	5535.0	8001.0
	12.0	13.0	14.0	15.0	16.0	17.0	18.0	19.0	20.0	21.0	22.0	23.0	24.0	25.0	26.0	27.0	28.0	29.0	30.0	31.0	32.0	33.0	34.0	35.0	36.0
SRR12183359_2	2.0	6.0	7.0	18.0	31.0	49.0	56.0	79.0	90.0	111.0	182.0	192.0	322.0	412.0	601.0	739.0	1054.0	1281.0	1777.0	2213.0	2908.0	3850.0	4631.0	3299.0	419.0
	17.0	18.0	19.0	20.0	21.0	22.0	23.0	24.0	25.0	26.0	27.0	28.0	29.0	30.0	31.0	32.0	33.0	34.0	35.0	36.0	37.0
SRR12183366_1	1.0	2.0	13.0	47.0	62.0	105.0	138.0	168.0	202.0	271.0	314.0	425.0	523.0	656.0	932.0	1229.0	1673.0	2314.0	3487.0	6248.0	9078.0
	11.0	12.0	13.0	14.0	15.0	16.0	17.0	18.0	19.0	20.0	21.0	22.0	23.0	24.0	25.0	26.0	27.0	28.0	29.0	30.0	31.0	32.0	33.0	34.0	35.0	36.0
SRR12183366_2	1.0	4.0	5.0	3.0	18.0	26.0	39.0	53.0	66.0	145.0	250.0	304.0	398.0	473.0	590.0	700.0	912.0	1180.0	1467.0	1835.0	2243.0	2889.0	4049.0	5239.0	4268.0	731.0
	16.0	17.0	18.0	19.0	20.0	21.0	22.0	23.0	24.0	25.0	26.0	27.0	28.0	29.0	30.0	31.0	32.0	33.0	34.0	35.0	36.0	37.0
SRR12183377_1	1.0	4.0	11.0	17.0	60.0	115.0	178.0	189.0	212.0	240.0	302.0	365.0	449.0	622.0	865.0	1244.0	1596.0	2073.0	3122.0	4493.0	7205.0	6809.0
	12.0	13.0	14.0	15.0	16.0	17.0	18.0	19.0	20.0	21.0	22.0	23.0	24.0	25.0	26.0	27.0	28.0	29.0	30.0	31.0	32.0	33.0	34.0	35.0	36.0	37.0
SRR12183377_2	6.0	4.0	5.0	11.0	24.0	25.0	43.0	54.0	111.0	141.0	195.0	229.0	337.0	460.0	542.0	832.0	990.0	1360.0	1897.0	2500.0	3270.0	4610.0	6342.0	5302.0	881.0	1.0
	17.0	18.0	19.0	20.0	21.0	22.0	23.0	24.0	25.0	26.0	27.0	28.0	29.0	30.0	31.0	32.0	33.0	34.0	35.0	36.0	37.0
SRR12183388_1	1.0	8.0	13.0	32.0	37.0	61.0	86.0	117.0	118.0	157.0	193.0	224.0	305.0	477.0	669.0	1035.0	1451.0	2079.0	3122.0	5376.0	8025.0
	12.0	13.0	14.0	15.0	16.0	17.0	18.0	19.0	20.0	21.0	22.0	23.0	24.0	25.0	26.0	27.0	28.0	29.0	30.0	31.0	32.0	33.0	34.0	35.0	36.0
SRR12183388_2	2.0	5.0	4.0	7.0	16.0	33.0	47.0	52.0	60.0	99.0	121.0	177.0	261.0	342.0	468.0	581.0	839.0	1224.0	1475.0	2070.0	2729.0	3674.0	4827.0	3894.0	579.0
	16.0	17.0	18.0	19.0	20.0	21.0	22.0	23.0	24.0	25.0	26.0	27.0	28.0	29.0	30.0	31.0	32.0	33.0	34.0	35.0	36.0	37.0
SRR12183400_1	1.0	2.0	2.0	27.0	46.0	77.0	102.0	136.0	153.0	177.0	247.0	287.0	442.0	624.0	938.0	1458.0	1998.0	2593.0	3829.0	5712.0	10586.0	15847.0
	11.0	12.0	13.0	14.0	15.0	16.0	17.0	18.0	19.0	20.0	21.0	22.0	23.0	24.0	25.0	26.0	27.0	28.0	29.0	30.0	31.0	32.0	33.0	34.0	35.0	36.0	37.0
SRR12183400_2	6.0	24.0	43.0	29.0	36.0	62.0	83.0	112.0	111.0	137.0	156.0	204.0	280.0	448.0	627.0	858.0	1147.0	1611.0	2348.0	3035.0	3895.0	5342.0	7145.0	9026.0	7345.0	1173.0	1.0
	17.0	18.0	19.0	20.0	21.0	22.0	23.0	24.0	25.0	26.0	27.0	28.0	29.0	30.0	31.0	32.0	33.0	34.0	35.0	36.0	37.0
SRR12183411_1	3.0	6.0	22.0	74.0	99.0	106.0	133.0	150.0	185.0	218.0	292.0	411.0	630.0	980.0	1402.0	1887.0	2434.0	3529.0	5415.0	8500.0	8178.0
	11.0	12.0	13.0	14.0	15.0	16.0	17.0	18.0	19.0	20.0	21.0	22.0	23.0	24.0	25.0	26.0	27.0	28.0	29.0	30.0	31.0	32.0	33.0	34.0	35.0	36.0	37.0
SRR12183411_2	3.0	22.0	36.0	37.0	38.0	61.0	86.0	63.0	74.0	63.0	78.0	108.0	173.0	203.0	282.0	419.0	622.0	808.0	1154.0	1640.0	2371.0	3388.0	5146.0	7655.0	8203.0	1920.0	1.0
	17.0	18.0	19.0	20.0	21.0	22.0	23.0	24.0	25.0	26.0	27.0	28.0	29.0	30.0	31.0	32.0	33.0	34.0	35.0	36.0	37.0
SRR12183422_1	2.0	5.0	22.0	48.0	82.0	93.0	110.0	145.0	160.0	206.0	251.0	392.0	564.0	761.0	1171.0	1645.0	2259.0	3103.0	4718.0	9199.0	18435.0
	11.0	12.0	13.0	14.0	15.0	16.0	17.0	18.0	19.0	20.0	21.0	22.0	23.0	24.0	25.0	26.0	27.0	28.0	29.0	30.0	31.0	32.0	33.0	34.0	35.0	36.0	37.0
SRR12183422_2	5.0	18.0	51.0	27.0	37.0	78.0	97.0	88.0	108.0	147.0	148.0	181.0	230.0	330.0	468.0	621.0	869.0	1234.0	1705.0	2282.0	3091.0	4054.0	5694.0	8144.0	10017.0	3643.0	4.0
	16.0	17.0	18.0	19.0	20.0	21.0	22.0	23.0	24.0	25.0	26.0	27.0	28.0	29.0	30.0	31.0	32.0	33.0	34.0	35.0	36.0	37.0
SRR12183423_1	3.0	7.0	15.0	36.0	68.0	103.0	146.0	163.0	188.0	217.0	248.0	349.0	450.0	634.0	971.0	1264.0	1664.0	2111.0	2904.0	4178.0	5889.0	4200.0
	12.0	13.0	14.0	15.0	16.0	17.0	18.0	19.0	20.0	21.0	22.0	23.0	24.0	25.0	26.0	27.0	28.0	29.0	30.0	31.0	32.0	33.0	34.0	35.0	36.0
SRR12183423_2	5.0	12.0	10.0	11.0	25.0	41.0	49.0	69.0	75.0	81.0	111.0	180.0	279.0	378.0	503.0	694.0	1044.0	1252.0	1687.0	2311.0	3159.0	4362.0	5336.0	3655.0	479.0
	15.0	16.0	17.0	18.0	19.0	20.0	21.0	22.0	23.0	24.0	25.0	26.0	27.0	28.0	29.0	30.0	31.0	32.0	33.0	34.0	35.0	36.0	37.0
SRR12183434_1	1.0	0.0	11.0	16.0	38.0	97.0	128.0	181.0	208.0	265.0	317.0	414.0	475.0	682.0	1039.0	1658.0	2261.0	2910.0	3783.0	5380.0	8136.0	13484.0	16655.0
	11.0	12.0	13.0	14.0	15.0	16.0	17.0	18.0	19.0	20.0	21.0	22.0	23.0	24.0	25.0	26.0	27.0	28.0	29.0	30.0	31.0	32.0	33.0	34.0	35.0	36.0	37.0
SRR12183434_2	8.0	25.0	58.0	38.0	36.0	93.0	138.0	119.0	114.0	145.0	185.0	235.0	316.0	414.0	545.0	769.0	1125.0	1667.0	2327.0	3091.0	4250.0	5759.0	8525.0	12089.0	12985.0	3080.0	3.0
	17.0	18.0	19.0	20.0	21.0	22.0	23.0	24.0	25.0	26.0	27.0	28.0	29.0	30.0	31.0	32.0	33.0	34.0	35.0	36.0	37.0
SRR12183445_1	4.0	9.0	24.0	59.0	78.0	115.0	130.0	147.0	209.0	219.0	310.0	403.0	565.0	878.0	1240.0	1834.0	2342.0	3190.0	4992.0	9683.0	19605.0
	11.0	12.0	13.0	14.0	15.0	16.0	17.0	18.0	19.0	20.0	21.0	22.0	23.0	24.0	25.0	26.0	27.0	28.0	29.0	30.0	31.0	32.0	33.0	34.0	35.0	36.0	37.0
SRR12183445_2	2.0	22.0	52.0	34.0	30.0	75.0	88.0	121.0	125.0	127.0	159.0	185.0	244.0	381.0	518.0	680.0	1021.0	1358.0	1873.0	2471.0	3254.0	4496.0	6052.0	8760.0	10499.0	3407.0	2.0
	16.0	17.0	18.0	19.0	20.0	21.0	22.0	23.0	24.0	25.0	26.0	27.0	28.0	29.0	30.0	31.0	32.0	33.0	34.0	35.0	36.0	37.0
SRR12183456_1	2.0	3.0	6.0	32.0	64.0	102.0	129.0	164.0	204.0	262.0	350.0	432.0	608.0	887.0	1306.0	2009.0	2876.0	3840.0	5306.0	8418.0	16236.0	33299.0
	10.0	11.0	12.0	13.0	14.0	15.0	16.0	17.0	18.0	19.0	20.0	21.0	22.0	23.0	24.0	25.0	26.0	27.0	28.0	29.0	30.0	31.0	32.0	33.0	34.0	35.0	36.0	37.0
SRR12183456_2	1.0	8.0	48.0	82.0	45.0	57.0	112.0	176.0	171.0	163.0	204.0	248.0	314.0	375.0	631.0	819.0	1129.0	1661.0	2346.0	3206.0	4358.0	5792.0	7817.0	11192.0	15192.0	16309.0	4076.0	3.0
	18.0	19.0	20.0	21.0	22.0	23.0	24.0	25.0	26.0	27.0	28.0	29.0	30.0	31.0	32.0	33.0	34.0	35.0	36.0	37.0
SRR12183467_1	2.0	6.0	19.0	14.0	13.0	8.0	16.0	14.0	16.0	15.0	30.0	36.0	36.0	68.0	61.0	97.0	106.0	140.0	235.0	118.0
	12.0	13.0	14.0	15.0	16.0	17.0	18.0	19.0	20.0	21.0	22.0	23.0	24.0	25.0	26.0	27.0	28.0	29.0	30.0	31.0	32.0	33.0	34.0	35.0	36.0
SRR12183467_2	1.0	0.0	2.0	3.0	2.0	6.0	3.0	12.0	11.0	8.0	7.0	7.0	18.0	18.0	25.0	37.0	58.0	62.0	65.0	82.0	106.0	123.0	210.0	168.0	16.0
	15.0	16.0	17.0	18.0	19.0	20.0	21.0	22.0	23.0	24.0	25.0	26.0	27.0	28.0	29.0	30.0	31.0	32.0	33.0	34.0	35.0	36.0	37.0
SRR12183485_1	1.0	2.0	5.0	22.0	36.0	105.0	132.0	178.0	228.0	261.0	348.0	388.0	482.0	675.0	921.0	1304.0	1806.0	2385.0	3193.0	4164.0	6171.0	9968.0	10477.0
	11.0	12.0	13.0	14.0	15.0	16.0	17.0	18.0	19.0	20.0	21.0	22.0	23.0	24.0	25.0	26.0	27.0	28.0	29.0	30.0	31.0	32.0	33.0	34.0	35.0	36.0
SRR12183485_2	2.0	14.0	9.0	13.0	22.0	46.0	80.0	94.0	106.0	171.0	230.0	285.0	470.0	706.0	961.0	1206.0	1627.0	2219.0	2867.0	3588.0	4616.0	5700.0	6973.0	7095.0	3732.0	420.0
	15.0	16.0	17.0	18.0	19.0	20.0	21.0	22.0	23.0	24.0	25.0	26.0	27.0	28.0	29.0	30.0	31.0	32.0	33.0	34.0	35.0	36.0	37.0
SRR12183496_1	1.0	4.0	12.0	21.0	59.0	112.0	155.0	226.0	203.0	279.0	317.0	394.0	521.0	698.0	971.0	1389.0	1867.0	2326.0	3037.0	4143.0	5689.0	7620.0	4700.0
	11.0	12.0	13.0	14.0	15.0	16.0	17.0	18.0	19.0	20.0	21.0	22.0	23.0	24.0	25.0	26.0	27.0	28.0	29.0	30.0	31.0	32.0	33.0	34.0	35.0	36.0	37.0
SRR12183496_2	4.0	14.0	19.0	15.0	26.0	47.0	67.0	58.0	78.0	85.0	119.0	151.0	223.0	324.0	415.0	589.0	819.0	1185.0	1535.0	2180.0	2999.0	4114.0	5752.0	7371.0	5675.0	879.0	1.0
	16.0	17.0	18.0	19.0	20.0	21.0	22.0	23.0	24.0	25.0	26.0	27.0	28.0	29.0	30.0	31.0	32.0	33.0	34.0	35.0	36.0	37.0
SRR12183504_1	3.0	5.0	22.0	38.0	102.0	148.0	148.0	192.0	216.0	265.0	305.0	445.0	632.0	949.0	1255.0	1759.0	2189.0	3024.0	4129.0	5836.0	8444.0	5885.0
	12.0	13.0	14.0	15.0	16.0	17.0	18.0	19.0	20.0	21.0	22.0	23.0	24.0	25.0	26.0	27.0	28.0	29.0	30.0	31.0	32.0	33.0	34.0	35.0	36.0
SRR12183504_2	10.0	18.0	20.0	40.0	51.0	67.0	84.0	87.0	100.0	122.0	133.0	240.0	339.0	446.0	629.0	862.0	1195.0	1688.0	2243.0	3225.0	4475.0	6148.0	7832.0	5292.0	645.0
	15.0	16.0	17.0	18.0	19.0	20.0	21.0	22.0	23.0	24.0	25.0	26.0	27.0	28.0	29.0	30.0	31.0	32.0	33.0	34.0	35.0	36.0	37.0
SRR12183505_1	2.0	3.0	12.0	25.0	54.0	137.0	186.0	226.0	223.0	267.0	336.0	464.0	589.0	856.0	1117.0	1617.0	1952.0	2447.0	3104.0	3887.0	4925.0	5228.0	1674.0
	11.0	12.0	13.0	14.0	15.0	16.0	17.0	18.0	19.0	20.0	21.0	22.0	23.0	24.0	25.0	26.0	27.0	28.0	29.0	30.0	31.0	32.0	33.0	34.0	35.0	36.0
SRR12183505_2	2.0	3.0	23.0	24.0	28.0	61.0	69.0	64.0	68.0	79.0	74.0	122.0	189.0	271.0	366.0	527.0	724.0	1030.0	1463.0	2134.0	2902.0	3910.0	5253.0	5917.0	3664.0	364.0
	16.0	17.0	18.0	19.0	20.0	21.0	22.0	23.0	24.0	25.0	26.0	27.0	28.0	29.0	30.0	31.0	32.0	33.0	34.0	35.0	36.0	37.0
SRR12183516_1	3.0	3.0	9.0	37.0	57.0	123.0	169.0	203.0	243.0	275.0	371.0	437.0	532.0	733.0	1078.0	1598.0	2141.0	2951.0	4116.0	6246.0	11335.0	19883.0
	11.0	12.0	13.0	14.0	15.0	16.0	17.0	18.0	19.0	20.0	21.0	22.0	23.0	24.0	25.0	26.0	27.0	28.0	29.0	30.0	31.0	32.0	33.0	34.0	35.0	36.0	37.0
SRR12183516_2	1.0	9.0	17.0	15.0	42.0	76.0	91.0	103.0	135.0	154.0	220.0	347.0	460.0	690.0	812.0	1062.0	1427.0	1964.0	2630.0	3520.0	4384.0	5707.0	7765.0	10223.0	8971.0	1717.0	1.0
	16.0	17.0	18.0	19.0	20.0	21.0	22.0	23.0	24.0	25.0	26.0	27.0	28.0	29.0	30.0	31.0	32.0	33.0	34.0	35.0	36.0	37.0
SRR12183527_1	1.0	10.0	40.0	84.0	126.0	211.0	233.0	272.0	308.0	410.0	468.0	647.0	869.0	1249.0	1751.0	2325.0	3022.0	4004.0	5415.0	7929.0	12006.0	11133.0
	11.0	12.0	13.0	14.0	15.0	16.0	17.0	18.0	19.0	20.0	21.0	22.0	23.0	24.0	25.0	26.0	27.0	28.0	29.0	30.0	31.0	32.0	33.0	34.0	35.0	36.0
SRR12183527_2	1.0	12.0	34.0	31.0	46.0	102.0	119.0	158.0	171.0	254.0	324.0	421.0	703.0	1000.0	1323.0	1878.0	2648.0	3476.0	4344.0	5491.0	6710.0	7614.0	7768.0	5809.0	1980.0	96.0
	17.0	18.0	19.0	20.0	21.0	22.0	23.0	24.0	25.0	26.0	27.0	28.0	29.0	30.0	31.0	32.0	33.0	34.0	35.0	36.0	37.0
SRR12183532_1	2.0	10.0	22.0	46.0	47.0	58.0	92.0	90.0	111.0	126.0	173.0	255.0	349.0	489.0	690.0	925.0	1242.0	1638.0	2341.0	3475.0	2419.0
	12.0	13.0	14.0	15.0	16.0	17.0	18.0	19.0	20.0	21.0	22.0	23.0	24.0	25.0	26.0	27.0	28.0	29.0	30.0	31.0	32.0	33.0	34.0	35.0	36.0
SRR12183532_2	7.0	11.0	12.0	13.0	14.0	30.0	24.0	20.0	39.0	41.0	56.0	98.0	139.0	166.0	216.0	321.0	461.0	624.0	828.0	1162.0	1600.0	2466.0	3260.0	2583.0	409.0
	16.0	17.0	18.0	19.0	20.0	21.0	22.0	23.0	24.0	25.0	26.0	27.0	28.0	29.0	30.0	31.0	32.0	33.0	34.0	35.0	36.0	37.0
SRR12183543_1	1.0	12.0	32.0	63.0	122.0	160.0	226.0	232.0	299.0	331.0	430.0	505.0	638.0	860.0	1270.0	1779.0	2463.0	3251.0	4411.0	6787.0	12923.0	25131.0
	11.0	12.0	13.0	14.0	15.0	16.0	17.0	18.0	19.0	20.0	21.0	22.0	23.0	24.0	25.0	26.0	27.0	28.0	29.0	30.0	31.0	32.0	33.0	34.0	35.0	36.0	37.0
SRR12183543_2	1.0	13.0	15.0	7.0	19.0	62.0	86.0	128.0	170.0	208.0	277.0	359.0	472.0	707.0	909.0	1222.0	1482.0	2145.0	2842.0	3757.0	4847.0	6190.0	8382.0	11334.0	12634.0	3653.0	5.0
	16.0	17.0	18.0	19.0	20.0	21.0	22.0	23.0	24.0	25.0	26.0	27.0	28.0	29.0	30.0	31.0	32.0	33.0	34.0	35.0	36.0	37.0
SRR12183554_1	3.0	9.0	20.0	49.0	104.0	118.0	160.0	216.0	287.0	305.0	398.0	493.0	584.0	804.0	1192.0	1656.0	2323.0	3032.0	4234.0	6524.0	12086.0	23135.0
	11.0	12.0	13.0	14.0	15.0	16.0	17.0	18.0	19.0	20.0	21.0	22.0	23.0	24.0	25.0	26.0	27.0	28.0	29.0	30.0	31.0	32.0	33.0	34.0	35.0	36.0	37.0
SRR12183554_2	1.0	27.0	33.0	23.0	36.0	66.0	108.0	146.0	150.0	181.0	262.0	331.0	466.0	619.0	884.0	1132.0	1502.0	2041.0	2836.0	3647.0	4590.0	5914.0	8121.0	10901.0	11029.0	2680.0	6.0
	15.0	16.0	17.0	18.0	19.0	20.0	21.0	22.0	23.0	24.0	25.0	26.0	27.0	28.0	29.0	30.0	31.0	32.0	33.0	34.0	35.0	36.0	37.0
SRR12183559_1	1.0	0.0	4.0	19.0	43.0	94.0	137.0	149.0	221.0	200.0	259.0	304.0	376.0	624.0	875.0	1254.0	1770.0	2155.0	3023.0	4095.0	5889.0	8966.0	8603.0
	11.0	12.0	13.0	14.0	15.0	16.0	17.0	18.0	19.0	20.0	21.0	22.0	23.0	24.0	25.0	26.0	27.0	28.0	29.0	30.0	31.0	32.0	33.0	34.0	35.0	36.0	37.0
SRR12183559_2	3.0	9.0	6.0	9.0	24.0	35.0	48.0	47.0	68.0	84.0	129.0	158.0	223.0	314.0	455.0	634.0	863.0	1337.0	1714.0	2389.0	3237.0	4395.0	6064.0	8198.0	7124.0	1493.0	1.0
	14.0	15.0	16.0	17.0	18.0	19.0	20.0	21.0	22.0	23.0	24.0	25.0	26.0	27.0	28.0	29.0	30.0	31.0	32.0	33.0	34.0	35.0	36.0	37.0
SRR12183560_1	2.0	0.0	1.0	11.0	19.0	64.0	100.0	116.0	226.0	239.0	276.0	319.0	338.0	458.0	597.0	826.0	1152.0	1758.0	2296.0	2939.0	4149.0	6155.0	10888.0	17625.0
	12.0	13.0	14.0	15.0	16.0	17.0	18.0	19.0	20.0	21.0	22.0	23.0	24.0	25.0	26.0	27.0	28.0	29.0	30.0	31.0	32.0	33.0	34.0	35.0	36.0	37.0
SRR12183560_2	10.0	30.0	23.0	31.0	83.0	95.0	132.0	157.0	198.0	238.0	355.0	488.0	632.0	877.0	1164.0	1630.0	2157.0	2908.0	3558.0	4474.0	5827.0	7526.0	9340.0	7341.0	1278.0	2.0
	16.0	17.0	18.0	19.0	20.0	21.0	22.0	23.0	24.0	25.0	26.0	27.0	28.0	29.0	30.0	31.0	32.0	33.0	34.0	35.0	36.0	37.0
SRR12183561_1	1.0	4.0	15.0	25.0	49.0	108.0	134.0	177.0	209.0	296.0	309.0	397.0	499.0	732.0	1020.0	1492.0	1912.0	2569.0	3555.0	5376.0	8901.0	10830.0
	11.0	12.0	13.0	14.0	15.0	16.0	17.0	18.0	19.0	20.0	21.0	22.0	23.0	24.0	25.0	26.0	27.0	28.0	29.0	30.0	31.0	32.0	33.0	34.0	35.0	36.0
SRR12183561_2	1.0	12.0	15.0	20.0	27.0	66.0	91.0	97.0	128.0	155.0	187.0	265.0	415.0	651.0	830.0	1180.0	1530.0	2034.0	2533.0	3254.0	4033.0	4999.0	6103.0	6273.0	3364.0	347.0

